$SPEC_ID:
No sample description was entered.
$SPEC_REM:
DET# 1
DETDESC# NOISEPC Easy-MCA-8k SN 12310217
AP# Maestro Version 7.01
$DATE_MEA:
06/16/2022 16:42:49
$MEAS_TIM:
180 210
$DATA:
0 8191
       0
       0
       0
       0
       0
       0
       0
       0
       0
       0
       0
       0
       0
       0
       0
       0
       0
       0
       0
       0
       0
       0
       0
       0
       0
       0
       0
       0
       0
       0
       0
       0
       0
       0
       0
       0
       0
       0
       0
       0
       0
       0
       0
       0
       0
       0
       0
       0
       0
       0
       0
       0
       0
       0
       0
       0
       0
       0
       0
       1
       0
       0
       1
       0
       1
       0
       0
       0
       1
       0
       0
       0
       0
       1
       5
       9
      17
      15
      36
      51
      68
      82
      89
      96
     108
     114
     106
     103
      99
     121
      97
     117
      96
     125
     107
      95
      90
     105
     117
     115
     114
      96
     110
     111
     111
     109
      94
     117
     108
     117
     104
      90
     101
     103
      96
      91
     107
     112
      88
     106
     125
     106
      80
     118
     127
     101
     117
     111
     103
      92
     101
      92
      98
     108
      92
     104
      99
     111
     116
      95
     104
     101
      94
     101
     104
     100
      99
     100
     110
     118
      71
      88
     100
      79
      94
      93
     112
      86
      90
     120
      87
      99
      95
      90
      91
      99
     107
     102
      87
      94
      87
      94
      99
      87
      95
     107
      98
     100
      78
     107
      93
      86
      72
      93
      96
     109
     106
      87
      93
      84
      84
      81
      87
      88
      76
      90
      93
      83
      99
      81
      90
      92
      96
      88
      83
      85
      77
      93
      95
      83
      98
      88
      79
     105
      84
      86
      78
      85
      76
      87
     100
      86
      94
      82
      86
      98
      89
      92
      94
      88
     105
      90
      89
      88
      93
      87
      91
      94
      82
      85
      98
      77
      80
      95
      92
      91
      93
      94
      88
      91
      77
      89
      86
      87
     104
      64
      87
      88
      92
      85
     109
      81
      98
      81
      77
      75
      92
      97
      86
      85
      95
      80
      89
     101
      88
      95
      91
      72
      90
     100
      82
      96
     102
      90
      92
      75
      97
      94
      82
      83
     102
      89
      79
      77
      74
      90
      87
     100
      79
      80
      81
      98
      84
      90
      74
      78
      88
     103
      95
      69
      93
     122
     101
      96
      86
      95
      83
      79
      81
     113
     106
      80
      95
      95
      74
      77
      89
      90
      82
     103
      76
      91
      97
      85
      88
      74
      81
      89
      88
     100
      86
      93
      92
      83
     108
     121
      91
      98
      88
      96
      72
     106
      74
      91
      88
      84
      93
      86
      90
      92
      90
     102
      83
      91
      80
      92
      93
      87
      67
      72
      93
      93
      99
      80
      91
      89
      97
     109
     108
      95
      72
      91
     107
      97
      90
      82
      77
      88
      91
      98
     102
      79
      83
      89
     101
      88
      89
      77
      99
     102
      92
      90
      81
      98
     101
      81
      88
      93
      80
      97
      82
      78
      87
      98
      93
     103
     110
      75
     107
      96
      75
      96
      81
      91
      91
     104
      88
      92
      77
     100
      86
      99
      75
      70
      96
      83
      88
      88
     101
     100
      94
      87
     110
      89
      97
     113
      99
     102
      74
      88
      89
      85
     100
      94
      89
      96
      97
      84
     103
      99
     109
     109
     115
      90
      88
      92
      87
      89
      91
      98
      96
     106
      98
     101
      81
      94
     100
      90
      89
      91
      90
      98
     118
      84
     104
      86
     110
      94
      76
     101
      94
     115
     100
      96
      74
      78
     103
     125
     104
      96
     106
      96
      95
     115
      98
     102
      99
      94
      97
      99
      89
      91
      88
      87
     103
     100
     110
      98
     105
     123
      94
     108
     109
     103
      94
      94
     102
     104
     107
      90
     110
      91
      75
      94
     123
     114
      93
      91
      86
      85
     110
      89
     107
      97
      89
      85
      99
     100
      93
      89
     101
      86
      96
     114
      86
     100
      90
      81
      96
      95
     103
      95
      95
     111
      78
      95
      78
      92
     101
     118
     106
     102
     100
      85
      96
     108
      91
      82
     100
     106
      86
      97
      98
      82
      92
      94
     110
     100
     123
      99
      90
      88
      94
      96
     111
      91
      76
     106
     112
     105
     108
      98
     102
     101
      92
     105
     109
     104
     108
     116
      98
     107
      92
      91
      94
     108
     111
      99
      94
      97
      85
     121
     103
     103
     103
      95
     103
     101
      86
     100
      78
     105
      98
      78
     129
      92
      90
      93
     103
     101
     107
     106
      98
      98
      82
      89
     120
      97
     102
     110
      87
     107
     105
      95
     103
      92
     103
      85
     114
      96
      90
      96
     118
     119
      82
      87
      91
     115
     108
      99
      91
     110
      92
     104
     116
      99
      92
     113
     107
      95
     101
      83
     105
     108
      86
      94
     102
     106
      98
     105
      86
     101
     103
      93
     116
      90
      94
      81
     109
     102
     108
     119
     107
     107
      99
     100
      99
      99
     102
      98
      96
     103
      96
     120
     113
     104
     106
     101
     111
     115
     112
     112
      95
     103
     100
     116
     112
     102
     113
     116
     114
     125
     116
     110
     100
     137
     130
     108
     126
     124
     111
     144
     128
     136
     117
     146
     128
     132
     120
     117
     132
     118
     145
     141
     114
     121
     104
     123
     127
     121
     122
     125
     144
     126
     116
     140
     120
     120
     122
     134
     153
     152
     117
     138
     117
     117
     125
     121
     138
     107
     115
     116
     112
     117
     104
     116
     122
     124
     104
     108
     109
     122
     128
     124
      95
     106
     109
     124
     116
     121
     114
     111
     154
     101
     148
     108
     127
     145
     128
      97
     123
     118
     102
     110
     122
      96
     122
     132
     121
     112
     115
     105
     116
     114
     135
     107
     106
     127
     105
     114
     131
     102
     141
     101
     128
     117
     105
     108
     115
     108
     113
     125
      92
     126
     104
     137
     106
     115
     112
     121
     128
     108
     115
     113
     100
     119
      99
     107
     117
     115
     110
     125
     123
     107
     102
     101
     114
     108
     147
     106
     131
     111
     114
     114
     119
      93
     118
      99
     116
     114
      81
     109
     113
      93
     121
      99
     104
     109
     126
     105
     105
     100
     107
      82
      93
     106
      97
     122
     113
     120
      88
     103
     101
     119
      94
     115
      94
     117
     135
     124
     121
     108
     120
     115
     127
     113
     133
     105
     109
     130
     122
     123
     100
     113
     112
     120
     101
     110
      95
     130
      97
     103
     120
     121
     113
     112
     103
      97
     128
     101
     114
     103
     104
     107
      97
     135
     102
     126
      95
     116
     126
     107
     107
     102
     121
     101
     102
      96
     102
      99
      96
     113
     106
     108
     117
     126
     113
     109
     100
     104
     105
      94
     103
      95
     117
      99
     121
     115
     105
     108
      95
      88
     124
     104
     108
     116
     117
     100
     103
     105
     112
      98
     106
     110
     115
     108
     110
      98
     102
      88
     105
     102
     110
     103
     112
     110
     105
     122
     112
     101
     103
     121
     114
      98
      97
     102
      88
     109
     121
      90
      86
     102
     105
     103
     119
     110
     118
     103
     112
     111
     109
      98
     127
      95
     110
      85
      95
      98
      90
      94
     103
      87
     122
     114
     119
      96
     102
     105
     107
      80
     102
      85
     115
     105
      71
     128
     110
     101
      80
      99
     107
      94
     101
     104
      77
      98
     107
      99
     104
      94
     103
      99
      87
     110
      88
     102
      94
     117
     111
     106
      93
      93
      83
     104
      80
      85
      97
     115
      83
      89
      97
     119
     107
     109
      92
      96
      97
     102
     110
     122
     110
      88
      94
      77
      81
      87
     108
      89
      96
      97
      93
      98
     117
      99
      95
     109
     100
     109
     103
      93
     124
      84
     109
     100
     100
      83
     100
      94
     109
      93
      89
     115
     111
      96
      89
     102
      95
     107
      76
     100
      82
      90
     102
     107
      95
     103
      93
     104
      98
      97
      87
      75
      93
     104
      95
      92
      91
      95
      97
      91
      98
     116
      98
     129
     104
      92
     110
     104
      94
     106
     105
      77
     106
      94
     102
     105
     124
     104
     106
     111
     107
     103
     101
      97
      99
      99
     102
      91
     119
     110
      97
     103
     108
     103
     100
     109
      93
     103
      94
      79
      93
     114
      79
     102
      92
      91
      87
     116
     102
     102
      84
      97
     100
      91
     112
     102
      94
      99
     113
     110
     112
      94
     110
     112
     108
     105
     111
     117
      84
     101
      92
     129
      82
     103
     105
     101
      93
      97
      94
     100
      98
      96
     114
      95
     111
     127
     113
      99
     100
     114
      94
     107
      86
     124
     102
     122
     110
     114
      89
     112
      93
     102
      83
     118
      97
     115
     124
     115
     114
     100
     104
     112
     106
     113
     116
     117
     121
     104
     101
     117
     110
      97
     103
     117
     102
     107
     106
     122
     102
     103
     103
      95
     101
     105
      97
     109
     133
     100
      94
      90
     112
     113
      97
     105
     102
     119
     117
     106
     117
     124
     116
      94
     112
     106
     100
     119
     104
     115
     113
     100
     123
     103
     112
     110
     128
     123
     112
     107
     118
     130
     137
     129
     118
     126
     105
     112
     116
     129
     115
     125
     114
     115
     131
     120
     112
     128
     105
     115
     117
     102
     112
     119
     141
     129
     113
     119
     108
     130
     114
     143
     121
     110
     102
     112
     137
     117
     124
     115
     117
     119
     119
     111
     127
     139
      82
     107
     108
     126
     116
     129
     106
     127
     121
     122
     111
     110
     125
     112
     122
     154
     115
     122
     106
     131
     126
     117
     128
     139
     121
     113
     139
     131
     126
     122
     125
     121
     118
     113
     130
     120
     139
     127
     143
     145
     132
     138
     123
     123
     140
     126
     121
     118
     136
     150
     129
     120
     125
     113
     133
     132
     128
     124
     113
     132
     141
     139
     123
     127
     133
     114
     124
     148
     133
     134
     117
     145
     128
     133
     126
     115
     122
     105
     132
     135
     118
     139
     126
     123
     119
     128
     119
     109
     123
     112
     117
     123
     114
     112
     125
     119
     115
     131
     116
      92
      96
     106
     100
      94
      89
     101
      99
     104
     106
      95
      87
     102
      78
      80
      62
      66
      73
     108
      94
     109
      98
      92
      81
      76
      78
      88
      92
      62
      74
      87
      88
      84
      87
      94
      71
      85
      81
      92
      72
      89
      76
      87
      77
      73
      89
      92
      89
      78
      78
      73
      82
      73
      78
      88
      76
      88
      84
      82
      75
      62
      69
      71
      69
      64
      57
      79
      69
      82
      68
      59
      65
      82
      59
      57
      77
      60
      69
      73
      62
      68
      65
      74
      69
      62
      68
      72
      63
      72
      66
      61
      66
      77
      71
      65
      75
      63
      58
      87
      68
      75
      72
      55
      74
      59
      64
      64
      62
      63
      72
      68
      77
      60
      65
      64
      71
      70
      59
      64
      68
      60
      58
      47
      59
      68
      61
      64
      63
      60
      61
      60
      56
      70
      50
      68
      63
      66
      54
      54
      70
      62
      62
      64
      60
      42
      70
      60
      67
      52
      65
      62
      51
      59
      59
      67
      56
      53
      68
      50
      59
      54
      55
      65
      49
      72
      44
      51
      56
      61
      62
      54
      55
      63
      67
      59
      53
      53
      61
      54
      52
      54
      55
      60
      66
      55
      51
      58
      39
      56
      46
      65
      41
      34
      54
      38
      53
      49
      53
      55
      53
      60
      48
      58
      57
      41
      66
      69
      59
      48
      45
      66
      40
      57
      41
      37
      49
      61
      47
      56
      45
      53
      53
      49
      46
      50
      39
      51
      54
      57
      40
      39
      37
      43
      43
      47
      41
      40
      51
      45
      57
      55
      35
      45
      58
      49
      42
      50
      41
      52
      45
      53
      37
      43
      45
      53
      51
      42
      36
      41
      39
      46
      48
      48
      49
      44
      41
      42
      35
      40
      37
      49
      44
      51
      42
      41
      41
      34
      43
      33
      49
      45
      44
      46
      42
      44
      47
      42
      43
      52
      48
      45
      48
      49
      38
      39
      41
      39
      42
      40
      39
      42
      34
      36
      37
      42
      38
      39
      43
      40
      42
      50
      35
      56
      29
      41
      50
      35
      36
      31
      42
      34
      53
      39
      45
      51
      44
      34
      38
      39
      40
      37
      51
      27
      37
      37
      27
      39
      32
      31
      27
      44
      40
      38
      34
      38
      43
      32
      30
      38
      42
      35
      41
      49
      45
      33
      50
      36
      42
      33
      40
      41
      42
      39
      37
      39
      48
      37
      56
      41
      40
      36
      46
      30
      34
      25
      38
      40
      54
      39
      42
      43
      35
      42
      30
      39
      43
      36
      47
      51
      35
      37
      36
      35
      31
      40
      30
      33
      42
      38
      29
      39
      26
      43
      34
      30
      52
      45
      42
      39
      47
      46
      35
      37
      37
      47
      39
      42
      42
      41
      31
      48
      41
      35
      34
      38
      40
      46
      44
      48
      35
      36
      43
      36
      31
      38
      39
      34
      40
      35
      32
      40
      52
      33
      30
      37
      33
      36
      56
      42
      31
      36
      40
      43
      30
      42
      40
      41
      39
      27
      47
      50
      42
      41
      28
      33
      35
      36
      30
      34
      41
      42
      37
      36
      41
      43
      46
      40
      31
      41
      26
      41
      43
      50
      40
      28
      33
      42
      36
      47
      34
      35
      34
      41
      52
      34
      40
      40
      46
      31
      41
      43
      31
      40
      37
      41
      41
      39
      37
      39
      34
      39
      37
      36
      31
      37
      35
      44
      26
      44
      36
      36
      23
      30
      28
      33
      44
      29
      35
      31
      51
      36
      43
      33
      33
      24
      46
      50
      35
      40
      37
      29
      33
      44
      41
      39
      38
      32
      51
      31
      39
      45
      41
      28
      26
      50
      39
      29
      39
      38
      51
      31
      36
      30
      37
      33
      28
      36
      32
      36
      35
      27
      30
      37
      34
      37
      33
      57
      29
      38
      29
      34
      38
      25
      36
      36
      38
      45
      44
      26
      27
      35
      36
      26
      31
      41
      45
      44
      36
      42
      23
      26
      35
      34
      34
      36
      38
      42
      34
      31
      43
      38
      37
      35
      38
      46
      25
      26
      41
      39
      31
      49
      36
      36
      56
      25
      38
      28
      39
      33
      36
      33
      34
      34
      42
      45
      42
      37
      25
      38
      27
      36
      34
      30
      39
      29
      44
      37
      31
      31
      39
      39
      39
      38
      48
      37
      29
      32
      32
      36
      42
      29
      35
      35
      31
      41
      32
      40
      31
      39
      33
      35
      35
      37
      31
      39
      32
      30
      38
      40
      41
      34
      24
      50
      32
      34
      36
      35
      36
      34
      31
      34
      39
      41
      39
      30
      31
      35
      33
      43
      40
      41
      42
      40
      39
      52
      45
      56
      48
      65
      56
      67
      69
      85
     103
     121
     172
     196
     305
     401
     520
     726
     968
    1274
    1697
    2156
    2706
    3410
    3992
    4555
    4915
    5146
    5428
    5219
    4803
    4346
    3739
    3138
    2564
    1985
    1510
    1195
     852
     595
     442
     359
     230
     176
     141
     118
      82
      76
      55
      69
      61
      51
      39
      30
      38
      35
      31
      39
      31
      27
      33
      33
      32
      24
      28
      26
      29
      33
      23
      27
      26
      28
      20
      27
      21
      24
      26
      32
      27
      33
      19
      22
      28
      23
      34
      33
      25
      24
      26
      21
      24
      25
      26
      21
      29
      18
      24
      33
      26
      17
      27
      19
      24
      32
      26
      20
      26
      23
      21
      19
      22
      20
      24
      21
      32
      27
      21
      25
      21
      32
      15
      26
      30
      21
      22
      19
      19
      23
      25
      22
      28
      30
      21
      24
      29
      22
      17
      25
      23
      23
      27
      24
      28
      20
      23
      28
      22
      23
      26
      32
      24
      27
      14
      24
      21
      20
      19
      20
      24
      27
      18
      18
      18
      20
      17
      28
      24
      23
      22
      22
      18
      20
      22
      11
      23
      29
      27
      26
      24
      17
      26
      24
      14
      22
      24
      13
      19
      20
      13
      19
      13
      24
      17
      14
      17
      25
      24
      12
      20
      15
      19
      16
      23
      26
      16
      20
      20
      21
      21
      17
      21
      19
      20
      14
      21
      18
      27
      27
      24
      21
       9
      22
      19
      27
      21
      19
      16
      26
      23
      22
      19
      14
      18
      26
      27
      25
      19
      24
      23
      20
      13
      17
      21
      23
      24
      20
      14
      22
      25
      24
      18
      20
      21
      21
      21
      21
      18
      25
      17
      16
      22
      15
      26
      17
      16
      10
      20
      20
      14
      23
      19
      16
      20
      20
      19
      18
      19
      18
      22
      17
      15
      18
      18
      19
      11
       9
      24
      19
      25
      15
      16
      19
      28
      21
      23
      23
      16
      19
      12
      14
      19
      20
      19
      21
      20
      22
      21
      27
      17
      13
      16
      23
      13
      14
      21
      16
      20
      15
      10
      19
      22
      12
      16
      23
      25
      23
      23
      21
      21
      17
      19
      17
      14
      18
      26
      17
      20
      23
      21
      24
      30
      32
      11
      19
      26
      18
      13
      13
      16
      26
      16
      24
      22
      25
      20
      22
      17
      16
      15
      17
      18
      20
      17
      19
      31
      21
      17
      19
      18
      12
      19
      20
      17
      22
      20
      19
      18
      15
      13
      16
      20
      21
      18
      15
      17
      19
      15
      17
      20
      11
      22
      30
      13
      29
      17
      19
      15
      18
      28
      14
      19
      15
      14
      12
      15
      16
      12
      19
      22
      18
      11
      21
      19
      14
      24
      18
      10
      22
      19
      18
      24
      31
      14
      20
      24
      11
      19
      16
      15
      17
      24
      23
      17
      17
      24
      19
      15
      15
      15
      13
      28
      20
      19
      20
      16
      21
      14
      22
      23
      20
      28
      19
      25
      31
      24
      26
      22
      17
      15
      20
      25
      18
      16
      18
      17
      28
      20
      20
      15
      22
      14
      24
      18
      21
      21
      20
      19
      18
      18
      26
      19
      20
      13
      24
      18
      10
      13
      16
      20
      13
      13
      21
      12
      17
      20
      17
      15
      16
      17
      16
      16
      17
      25
      24
      23
      24
      22
      16
      21
      14
      17
      20
      22
      16
      16
      12
      17
      17
      17
      17
      18
       9
      17
      16
      22
      16
      18
      18
      17
      13
      17
      19
      17
      15
      16
      15
      15
      18
      13
      23
      14
      10
      15
      13
      18
      17
      18
      19
      14
      18
      17
      12
      11
      15
      16
      18
      16
      13
      16
      11
      14
      17
      15
      15
      18
      14
      16
      16
      22
      14
      16
      14
       9
      13
      12
      21
      11
      19
      19
      17
      19
      14
      21
      20
      13
      20
      18
      14
      12
      22
      14
      16
      23
      19
      23
      20
      15
      23
      13
      16
      13
      17
      14
      15
      17
      20
      14
      21
      14
      17
      15
      24
      12
      11
      23
      20
      18
      21
      15
      17
      22
      17
      22
      15
      15
      17
      18
      17
      17
      21
      13
      22
      23
      25
      15
      19
      25
      11
      11
      16
      20
      17
      12
      15
      15
      19
      17
      20
      21
      18
      20
      13
      13
       9
      17
      15
      18
      21
      16
      10
      19
      21
      11
      10
      18
      15
      14
      19
      19
      10
      25
      13
      15
      16
      11
      13
      15
       9
      23
      14
      19
      14
      20
      13
      19
      18
      15
      15
      15
      19
      17
      15
      12
      15
      14
      17
      21
      26
      12
      20
      12
      13
      13
      24
      20
      15
      16
      13
      15
      25
      25
      16
      17
      15
      15
      16
      23
      19
      18
      16
      18
      17
      12
      24
      20
      15
       9
      18
      14
      24
      15
      14
      18
      17
      19
      20
      15
      12
      10
      12
       9
      20
      12
      15
      21
      15
      22
      15
      19
      16
      16
      18
       5
      21
      16
      14
       8
      25
      20
      16
      21
      20
      11
      21
      25
      20
      20
      27
      24
      21
      20
      13
      16
      17
      19
      20
      14
      23
      12
      18
      17
      18
       9
      26
      13
      14
      19
      13
      14
      17
      17
      19
      19
      20
      23
      18
      16
      19
      10
      12
      24
      17
      16
      24
      14
      16
      16
      15
      21
      15
      16
      18
      23
      19
      11
      17
      20
      22
      17
       9
      20
      11
      15
      16
      10
      15
      16
      22
      19
      15
      19
      10
      16
      12
      18
      24
      17
      13
      18
      12
      18
      20
      13
      18
      11
      15
      12
      19
      22
      11
      14
      19
      12
      15
      21
      21
      19
      21
      19
      12
      20
      18
      14
      18
      14
      27
      18
      21
      12
      15
      12
      14
       9
      14
      12
      17
      17
      13
      18
      14
      18
      14
      10
      17
      17
      14
      20
      12
      20
       9
      11
      19
      13
      19
      14
      11
      15
      23
      14
      16
      14
      13
      26
      20
      24
      16
      16
      14
      17
      17
      10
      19
      11
      17
      12
      11
      11
      11
      15
      12
      17
      16
      12
      19
      18
      15
      16
      20
      17
       9
      20
      23
      17
      17
      15
      18
      15
      12
      21
      31
      20
      17
      18
      22
      15
       9
      17
      16
      20
      21
      14
      17
      15
       7
      17
      12
      17
      18
      18
      22
      19
      21
      17
      18
      17
      10
      15
      15
      12
      19
      13
      18
      17
      12
      14
      24
      19
      17
      20
      14
      14
      24
      16
      15
      16
      11
      20
      16
      18
      22
      19
      13
      18
      15
       9
      12
      17
      20
      18
      17
      14
      22
      12
      16
      15
      21
      11
      16
      18
      17
      15
      15
      18
      22
      25
      27
      25
      18
      15
      15
      16
      19
      18
      17
      21
      14
      18
      16
      18
       7
      21
      17
      11
      18
      15
      17
      19
      20
      14
      19
      11
      16
      15
      23
      10
      19
      20
      19
      26
      16
      14
      14
      11
      14
      18
      10
      23
       7
      27
      14
      16
      11
      15
      11
      15
      20
      13
      14
       9
      17
      17
      20
      13
      19
      13
      25
      17
      16
      21
      13
      10
      13
      14
      14
      13
      18
      15
      20
      21
      14
      12
      19
      17
      19
      20
      20
      22
      14
      17
      22
      16
      10
      17
      11
      13
      15
      19
      16
      18
      18
      17
      16
      18
      17
      22
      13
       9
      20
      16
      21
      18
      24
      27
      16
      14
      20
      28
      23
      25
      17
      15
       8
      14
      16
      21
      13
      16
      15
      21
      17
      17
      24
      19
      14
      10
      18
      15
      21
      11
      24
      16
      22
      22
      25
      18
      25
      17
      16
       9
      20
      21
      17
      18
      14
      12
      15
      13
      17
      24
      16
      18
      15
      18
      11
      13
      11
      13
      18
      18
      23
      22
      20
      15
      16
      17
      15
      20
      12
      14
      13
      14
      14
      25
      16
      22
      16
      18
      12
      18
      17
      19
      16
      23
      19
      19
      19
      20
      11
      18
      20
      15
      16
      20
      23
      21
      23
      17
      18
      23
      19
      17
      21
      17
      15
      16
      13
      17
      17
      18
      15
      13
      25
      13
      12
      10
      13
       9
      16
      10
      17
      14
      10
      16
      13
      23
      19
      22
      17
      13
      20
      19
      18
      20
      15
      24
      21
      15
      24
      17
      23
      12
      19
      13
      13
      17
      11
      13
      14
      13
      16
      22
       7
      23
      15
       6
      22
      17
      12
      18
      19
      14
      16
      20
      23
      17
      15
      17
      20
      14
       9
      24
      11
      15
      19
      13
      18
      19
      12
      19
      21
      22
      18
       8
      12
      17
      24
      20
      16
      14
      14
      15
      22
      16
      15
      17
      10
      15
      18
       9
      14
      16
      11
      14
      11
      15
      14
      11
      11
      28
      17
      25
      22
      18
      23
      11
      22
      19
      14
      19
      10
      10
      23
      16
      16
      15
      18
      18
      16
      13
      18
      22
      16
      13
      17
      20
      16
      11
      13
      17
      13
      16
      16
      17
      22
      16
      13
      10
      11
      13
      18
      19
      19
      26
      28
      23
      15
      17
      11
      23
      11
      17
      20
      13
      15
      14
      17
      15
      15
      10
      21
      17
      18
      22
      24
      27
      21
      17
      11
      17
      13
      16
      10
      14
      18
      16
      17
      20
      13
      14
      14
      13
      25
      17
      18
      20
      13
      15
      12
      20
      26
      17
      15
      13
      13
      21
      14
      15
      10
       9
      19
      21
      23
      12
      23
      20
      17
      24
      31
      15
      12
      20
      26
      22
      16
      14
      15
      23
      24
      21
      12
      25
      16
      25
      11
      22
      13
      13
       9
      18
      12
      14
      16
      11
      19
      19
      17
      16
      19
      16
      17
      15
      16
      15
      17
       9
      24
      15
      21
      20
      26
      13
      15
      19
      11
      17
      19
      13
      24
      18
      35
       8
      12
       6
      21
      22
      19
      20
      19
      21
      17
      22
      15
      18
      16
      15
      10
      18
      20
      15
      16
       7
      20
      15
      15
      20
      18
      24
      16
      21
      19
      24
      18
      21
      11
      10
      18
      12
      20
      11
      27
      20
      18
      16
      12
      24
      17
      15
      14
      22
      17
       7
      19
      20
      23
      18
      14
      20
      19
      10
      14
      16
      18
      13
      11
      15
      13
      11
      15
      17
      14
      23
      22
      14
      13
      15
      16
      17
      24
      19
      19
      21
      15
      14
       8
      22
      14
      13
      21
      19
      15
      10
      11
      16
      20
      12
      16
      13
      19
      16
      15
      14
      18
      25
      11
      18
      12
      18
      14
      19
      14
      22
      16
      22
      17
      21
      13
      11
      19
      20
      17
      17
      15
      14
      13
      17
      23
      11
      24
      26
      17
      17
      15
      14
      11
      19
      22
      14
      22
      15
      16
      12
      24
      13
      20
      24
      20
      22
      15
      16
      21
      12
      20
      18
      13
      14
      13
      12
      22
      17
      21
       9
      20
      26
      17
      21
      16
      20
      19
      20
      15
      17
      16
       6
      14
      27
      14
      26
      14
      15
      19
      16
      11
      22
      15
      15
      26
      12
      20
      24
      21
      21
      15
      19
      17
      15
      14
      26
      17
      19
      15
      20
      24
      19
      18
      19
      17
      15
      23
      20
      22
      16
      20
      20
      15
      17
      22
      16
      18
      17
      17
      20
      21
      13
      18
      12
      17
       9
      23
      11
      24
      20
      12
      20
      20
      18
      21
      16
      17
      17
      14
      21
      24
      21
      21
      21
      16
      19
      15
      18
      16
      20
      18
      18
      16
      24
      26
      26
      14
      16
      18
      12
      20
      17
      25
      19
      19
      14
      19
      22
      25
      19
      19
      20
      23
      22
      10
      19
      13
      21
      19
      16
      16
      17
      21
      20
      20
      11
      25
      15
      26
      12
      16
      22
      16
      15
      24
      17
      22
      17
      22
      23
      15
      17
      13
      26
      20
      14
      28
      14
      20
      23
      17
      24
      16
      15
      18
      17
      19
      14
      24
      20
      22
      14
      17
      17
      16
      15
      21
      25
      26
      34
      19
      17
      16
      21
      28
      24
      24
      22
      13
      24
      22
      19
      30
      17
      22
      21
      19
      21
      18
      14
      16
      20
      18
      15
      19
      15
      18
      23
      18
      23
      15
      26
      21
      22
      11
      20
      18
      18
      19
      21
       9
      17
      25
      16
      24
      15
      20
      17
      21
      15
      20
      25
      20
      16
      26
      26
      16
      15
      19
      16
      22
      16
      12
      24
      18
      22
      23
      23
      19
      13
      23
      15
      24
      22
      23
      12
      10
      16
      27
      17
      16
      22
      23
      24
      14
      22
      21
      21
      12
      18
      18
      20
      18
      17
      24
      25
      19
      20
      14
      25
      18
      28
      14
      22
      26
      25
      11
      24
      16
      16
      18
      20
      16
      17
      20
      25
      22
      24
      17
      19
      17
      22
      23
      14
      25
      17
      16
      25
      18
      22
      25
      23
      17
      25
      20
      22
      20
      22
      16
      24
      17
      16
      18
      18
      13
      11
      17
      18
      23
      19
      26
      16
      17
      27
      11
      20
      22
      17
      18
      18
      18
      22
      23
      23
      17
      15
      27
      13
      16
      22
      22
      19
      17
      21
      25
      30
      27
      20
      16
      24
      19
      20
      22
      22
      27
      22
      22
      20
      20
      19
      14
      21
      20
      20
      30
      22
      28
      30
      21
      20
      23
      23
      24
      23
      16
      21
      18
      15
      28
      20
      18
      22
      26
      21
      33
      19
      23
      21
      19
      22
      17
      34
      20
      26
      25
      18
      19
      18
      21
      18
      32
      18
      26
      20
      24
      26
      23
      21
      21
      32
      15
      18
      20
      26
      29
      20
      20
      28
      24
      26
      30
      25
      22
      22
      22
      28
      31
      32
      15
      19
      15
      14
      20
      23
      25
      28
      19
      18
      25
      28
      24
      21
      21
      26
      32
      20
      24
      29
      27
      27
      15
      28
      22
      28
      26
      25
      27
      17
      24
      22
      21
      20
      21
      30
      21
      27
      23
      24
      29
      24
      18
      17
      26
      23
      22
      27
      23
      34
      23
      28
      30
      35
      21
      27
      38
      29
      27
      20
      20
      13
      27
      27
      28
      24
      26
      23
      22
      29
      30
      23
      29
      24
      27
      37
      27
      30
      29
      26
      21
      24
      28
      35
      20
      25
      21
      20
      32
      25
      25
      25
      31
      25
      24
      26
      25
      26
      28
      16
      27
      28
      23
      24
      36
      35
      28
      33
      17
      20
      45
      24
      24
      40
      30
      32
      27
      27
      32
      21
      28
      23
      28
      25
      26
      36
      19
      32
      23
      27
      26
      34
      23
      29
      29
      27
      39
      40
      24
      28
      34
      28
      32
      27
      31
      29
      26
      22
      30
      26
      31
      27
      33
      32
      28
      32
      36
      32
      29
      26
      26
      20
      37
      37
      21
      38
      30
      23
      30
      29
      28
      25
      26
      27
      33
      27
      23
      28
      25
      22
      32
      25
      30
      31
      27
      22
      27
      31
      28
      24
      29
      25
      31
      25
      19
      33
      28
      21
      38
      22
      29
      34
      36
      29
      24
      32
      29
      26
      29
      30
      26
      24
      30
      27
      25
      29
      30
      26
      32
      30
      32
      26
      20
      21
      43
      28
      33
      28
      29
      31
      39
      37
      27
      28
      36
      37
      38
      34
      34
      21
      36
      29
      26
      25
      41
      25
      25
      25
      36
      33
      25
      34
      31
      23
      31
      34
      26
      24
      34
      29
      33
      30
      24
      31
      26
      26
      25
      32
      40
      34
      43
      31
      23
      26
      38
      40
      23
      36
      35
      17
      33
      29
      32
      27
      34
      35
      32
      29
      25
      32
      24
      38
      36
      25
      35
      37
      34
      28
      28
      29
      41
      36
      31
      30
      41
      28
      21
      26
      30
      31
      28
      27
      28
      29
      28
      30
      28
      41
      34
      28
      18
      31
      28
      24
      34
      29
      20
      28
      19
      26
      28
      20
      22
      33
      27
      22
      30
      20
      29
      22
      29
      24
      20
      26
      19
      20
      15
      16
      35
      17
      29
      18
      22
      26
      17
      26
      24
      17
      18
      29
      25
      19
      21
      23
      19
      25
      22
      23
      18
      19
      15
      25
      22
      19
      11
      21
      20
      23
      17
      18
      30
      23
      27
      17
      16
      25
      21
      16
      21
      19
      23
      18
      23
      23
      29
      14
      19
      14
      18
       7
      22
      16
      18
      23
      25
      14
      11
      17
      15
      13
      15
      14
      16
      19
      20
      19
      24
      17
      16
      16
      13
      15
      18
      16
      15
      11
      26
      27
      29
      22
      19
      18
      13
      26
      19
      14
      14
      21
      11
      11
      21
      17
      10
      15
      24
      16
      23
      21
      21
      18
      19
      20
      17
      12
      20
      25
      24
      18
      19
      12
      21
      20
      31
      17
      16
      12
      12
      13
      18
      14
      22
      20
      24
      14
      27
      17
      25
      13
      18
      12
      21
      15
      19
      11
      20
      24
      13
      10
      16
      17
      16
      11
      21
      18
      13
      17
      20
      24
      19
      13
      12
      17
      13
      21
      14
      10
      12
      20
      19
      12
      16
      15
      18
      26
      14
      13
      14
      23
      24
      20
      14
      16
      15
      18
      16
      13
      15
      18
      17
      15
      16
      18
      11
      21
      10
      12
      22
      14
      10
      20
      12
      20
      18
      13
      13
      17
       9
      13
      14
      14
      19
      16
      10
      16
      11
      12
       7
      22
       9
      14
      16
      15
      10
       5
      16
       8
      12
      18
      17
      15
      13
      18
       9
      20
      14
      23
      15
      26
      18
      10
      20
      12
      18
      12
      12
      18
      23
      14
      13
      11
      15
       7
      17
      11
      15
       6
      13
      16
      14
      17
      12
      12
       8
      17
      12
      13
      13
      12
      11
      13
      14
      15
       9
      16
      17
       9
      11
       9
      15
      12
       7
      11
      12
      21
       5
      17
      13
       5
      16
       9
      10
      11
      10
      11
      10
       8
      15
       9
      15
      12
      10
       9
      16
       9
      12
      14
      18
      10
      13
      10
      10
      14
      13
       7
      16
      10
      16
      16
      18
      20
      13
      17
      14
      22
      11
      11
       6
       8
      14
       9
      12
      11
       6
      14
       9
      14
      12
      15
       9
       8
       8
      15
      12
      10
      12
       7
      13
       7
      10
      21
      10
       9
       4
       9
      10
      12
       7
      15
      16
      12
       9
       8
      11
      10
      10
       7
       9
      12
      12
       8
       8
      12
       5
      12
       9
       9
      11
       3
       5
      14
       5
      11
      13
       9
      12
       6
       9
      14
      14
       6
       9
       8
       4
       6
      16
      13
       8
      13
      15
      10
      12
       6
       5
      13
      10
       9
       7
       8
      10
      11
      11
       7
       8
       8
      13
      13
       8
      11
       8
       8
      10
       8
       8
       8
       6
      11
       7
      10
       8
       3
      17
      10
      13
      16
      14
       8
       8
       8
       6
      14
       4
       9
       7
       9
      10
       4
       6
       9
       9
       6
       7
       8
       8
       3
      14
       7
       6
       5
       4
      10
       9
       7
       6
       4
      10
       7
       9
       8
      11
       6
       9
       5
       7
       3
       5
       9
      11
       6
      10
       3
       7
      10
       9
       7
       4
       6
       3
       2
       8
       9
      10
       7
      10
       5
      12
       8
      13
       7
      12
       9
       8
       5
       8
       6
      10
       8
      13
      12
      15
       7
      11
       3
       5
       5
       5
       7
       2
      10
       7
       7
       7
       4
      12
      11
       9
       4
       9
       8
       7
       5
       9
       3
       6
       9
       5
       5
       6
       6
       6
      13
       9
       7
       6
       4
       8
       6
       2
       9
       9
      10
       7
       7
       7
       9
       5
       7
       4
       5
       7
       4
       1
      10
       9
       7
       6
       4
       6
      11
       5
       3
       9
       9
       5
       6
       4
       5
       6
       6
       6
      13
       4
       2
       8
       6
      13
       4
       2
      10
       7
       4
       6
       4
      10
       3
      11
       4
       7
       7
       7
       6
       8
       4
       9
      10
       5
       6
       5
       5
       5
       8
       4
       9
       6
       4
       5
       5
       6
       5
       9
       6
       7
       4
       4
       9
       6
       8
       4
       7
       9
       6
       5
       5
       3
       9
       0
       3
       6
       7
       3
       3
      11
       9
       7
      10
       4
       4
       2
       9
       6
       3
       8
       9
      11
       5
       7
       5
       8
       9
       4
       2
       5
       3
       2
       6
       3
       9
       7
       3
       7
       7
       8
       4
       1
       7
       6
       9
       5
       7
       4
       5
       5
       6
       4
       2
       4
       6
       6
       8
       5
       1
       8
       8
       3
       5
       4
       3
       7
       4
       5
       6
       2
       4
       6
      10
       7
       7
       8
       5
       6
       7
       6
       5
       3
       6
       7
       4
       4
       3
       8
       6
       7
       4
       8
       4
       7
       5
       4
       5
       3
       7
       4
       2
       6
       7
       7
       4
       6
       8
       2
       5
       5
       6
       7
       7
       9
      10
       9
       6
       5
       7
       4
       5
       3
       7
       6
       4
       4
       9
       4
       6
       4
       4
       4
       7
       2
       3
      11
       8
       6
       8
       2
       6
       6
       6
       4
       7
       6
       4
       6
       4
       7
       9
       5
       4
       3
      13
       4
       2
       6
       4
       4
       6
       3
       5
       5
       6
       8
      10
       5
       7
       6
       5
       2
       1
       2
       3
       5
       8
       6
       7
       6
       8
       6
      10
       4
       6
       8
       4
       6
       9
       4
      10
      13
       7
       4
       5
       2
       8
       4
       9
       7
       5
       4
       6
       1
      10
      10
       9
       3
       3
       9
       2
       4
       9
       5
       6
       4
       8
       5
      11
       7
       5
       4
       7
       7
       6
       4
       6
       3
      13
       5
       7
       9
       4
      11
       5
       9
       5
       4
       2
       8
       6
       5
       6
       6
       5
       5
       2
       5
       4
       3
       6
       7
       3
       7
       3
       5
       6
      10
       5
      12
      23
      23
      33
      42
      84
     129
     176
     264
     376
     531
     735
     944
    1280
    1475
    1653
    1914
    1890
    1874
    1670
    1439
    1181
     921
     667
     438
     267
     141
      98
      38
      22
      17
      16
       9
      13
      18
       8
       6
       8
      13
      11
      12
       7
       5
       8
      10
       7
       8
       5
      10
      14
       2
       8
      14
       6
       9
       8
       9
      10
       7
       6
      12
       9
       7
       4
       7
       5
      10
       3
      10
       6
      10
       5
       4
       4
       7
       4
       4
       4
       4
       5
       1
       7
       6
       4
       7
       9
       8
       4
       5
       7
       5
       4
       6
       5
      11
       8
       5
       7
       7
       7
       8
       3
      10
       7
       7
       8
       3
       8
       6
       5
       3
       4
       2
       4
       8
       6
      12
       7
       5
       5
       3
       9
       4
       7
       8
       5
       3
       5
       3
       4
       4
       4
       0
       4
       2
       2
       5
       5
       1
       6
       2
       5
       1
       9
       5
       7
       3
       6
       3
       5
       6
       6
       2
      10
       8
       6
       6
       8
       1
       7
       3
       2
       6
       4
       1
       4
       6
       7
       4
       3
       5
       2
      10
       2
       5
       7
       3
       2
       2
       2
       3
       6
       3
       2
       4
      12
       6
       8
       5
       6
      12
       6
       4
       3
       3
       5
       3
       2
       4
       5
       3
       5
       3
       4
       4
      10
       3
       6
       3
       2
       5
       2
       4
       4
       3
       1
       4
       2
       3
       5
       5
       1
       5
       2
       7
       4
       1
       6
       6
       5
       6
       5
       1
       6
       4
       3
       2
       4
       5
       4
       6
       2
       1
       6
       5
       3
       3
       4
       4
       8
       2
       8
       6
       4
       2
       3
       0
       3
       5
       4
       2
       5
       2
       9
       7
       1
       5
       2
       7
       1
       7
       4
       5
       4
       3
       5
       5
       4
       2
       2
       2
       7
       3
       3
       3
       4
       3
       3
       3
       4
       5
       1
       5
       3
       5
       5
       1
       4
       5
       6
       2
       3
       6
       5
       1
       7
       4
       3
       4
       7
       2
       2
       4
       0
       8
       3
       3
       5
       2
       3
       2
       1
       3
       3
       3
       5
       2
       6
       6
       2
       4
       4
       6
       4
       1
       6
       2
       6
       6
       5
       6
       7
       7
       5
       1
       5
       5
       4
       3
       4
       5
       3
       6
       3
       1
       5
       2
       4
       1
       4
       3
       4
       5
       4
       1
       4
       3
       2
       7
       4
       7
       2
       0
       3
       4
       7
       1
       2
       2
       4
       6
       5
       4
       1
       8
       6
       2
       2
       3
       5
       1
       4
       5
       1
       3
       4
       6
       6
       2
       0
       1
       2
       5
       2
       3
       5
       5
       1
       3
       3
       2
       3
       1
       3
       2
       5
       2
       0
       5
       3
       3
       0
       3
       5
      10
       4
       2
       4
       3
       3
       1
       3
       4
       5
       4
       5
       3
       0
       8
       0
       5
       1
       3
       5
       3
       5
       3
       5
       3
       1
       3
       2
       8
       5
       4
       5
       3
       2
       4
       6
       5
       5
       2
       4
       2
       3
       4
       1
       8
       4
       5
       5
       4
       2
       3
       5
       1
       0
       2
       2
       4
       5
       1
       4
       2
       3
       2
       3
       2
       4
       2
       5
       6
       0
       5
       2
       4
       1
       4
       4
       1
       6
       3
       2
       0
       6
       6
       2
       2
       1
       5
       2
       4
       1
       1
       0
       1
       1
       2
       6
       4
       4
       1
       6
       1
       3
       3
       3
       4
       1
       1
       2
       5
       3
       3
       0
       2
       2
       5
       1
       0
       4
       2
       2
       4
       3
       2
       1
       3
       4
       0
       2
       2
       3
       5
       6
       1
       2
       2
       4
       5
       3
       5
       1
       2
       0
       4
       4
       2
       0
       1
       4
       2
       4
       4
       2
       4
       1
       2
       3
       2
       2
       2
       1
       2
       5
       1
       9
       5
       1
       2
       2
       5
       3
       3
       1
       1
       1
       1
       2
       2
       1
       2
       2
       1
       3
       4
       5
       5
       2
       2
       4
       0
       3
       4
       3
       3
       3
       3
       2
       3
       3
       2
       5
       4
       3
       1
       2
       5
       1
       5
       3
       3
       6
       2
       1
       2
       3
       2
       1
       3
       6
       2
       2
       3
       1
       3
       1
       1
       2
       8
       1
       2
       3
       4
       1
       2
       2
       2
       3
       3
       2
       3
       3
       3
       2
       2
       3
       5
       1
       3
       4
       7
       2
       3
       2
       2
       4
       3
       5
       3
       5
       2
       1
       7
       5
       3
       2
       3
       2
       5
       0
       6
       4
       4
       2
       1
       2
       7
       2
       3
       3
       1
       4
       2
       2
       3
       4
       3
       2
       5
       3
       3
       1
       1
       3
       3
       4
       2
       3
       3
       2
       1
       3
       3
       5
       2
       6
       5
       2
       5
       3
       2
       4
       2
       3
       3
       2
       2
       4
       4
       1
       2
       2
       3
       4
       0
       2
       4
       2
       1
       3
       3
       2
       3
       1
       1
       1
       2
       6
       0
       7
       3
       2
       1
       2
       0
       3
       3
       4
       5
       2
       1
       3
       1
       4
       3
       3
       3
       2
       1
       2
       5
       3
       2
       3
       7
       0
       1
       7
       3
       1
       3
       3
       3
       2
       1
       6
       2
       6
       2
       2
       3
       5
       3
       2
       1
       1
       5
       5
       6
       4
       6
       5
       6
       8
      13
      21
      18
      27
      24
      32
      25
      28
      17
      20
      15
      13
       6
      17
      13
       9
       2
       4
       4
       3
       2
       2
       2
       2
       0
       2
       7
       3
       1
       3
       4
       3
       2
       3
       2
       2
       1
       1
       0
       2
       2
       3
       2
       1
       1
       1
       3
       4
       2
       3
       1
       0
       1
       3
       3
       1
       5
       1
       3
       1
       1
       2
       2
       3
       2
       3
       1
       3
       2
       1
       5
       0
       1
       0
       3
       3
       5
       6
       5
       1
       3
       0
       1
       4
       2
       1
       2
       3
       2
       5
       5
       0
       1
       2
       0
       3
       2
       2
       6
       3
       2
       4
       1
       2
       2
       3
       5
       3
       2
       2
       4
       4
       3
       0
       5
       2
       3
       3
       4
       3
       4
       3
       1
       2
       2
       2
       2
       0
       2
       3
       1
       1
       0
       2
       4
       0
       3
       3
       2
       2
       3
       4
       1
       1
       2
       4
       1
       1
       2
       2
       3
       2
       2
       3
       0
       0
       1
       1
       2
       2
       1
       3
       4
       1
       2
       2
       1
       2
       2
       3
       4
       3
       1
       2
       2
       3
       1
       2
       0
       4
       3
       2
       2
       0
       1
       2
       4
       2
       2
       1
       4
       1
       2
       2
       4
       1
       1
       0
       0
       5
       3
       1
       1
       0
       1
       0
       2
       2
       2
       1
       1
       2
       2
       1
       3
       2
       1
       1
       1
       2
       2
       2
       4
       0
       0
       3
       0
       0
       1
       2
       1
       1
       0
       2
       2
       1
       3
       4
       0
       1
       2
       2
       0
       2
       4
       2
       4
       2
       0
       2
       2
       1
       4
       2
       3
       3
       3
       2
       1
       2
       3
       4
       1
       1
       0
       3
       1
       1
       1
       2
       3
       1
       2
       4
       3
       1
       1
       0
       0
       3
       4
       3
       2
       1
       5
       2
       0
       2
       0
       0
       1
       0
       2
       1
       1
       0
       3
       1
       0
       2
       3
       3
       6
       4
       2
       5
       4
       2
       1
       0
       0
       0
       2
       1
       1
       3
       1
       4
       2
       0
       4
       5
       1
       4
       6
       6
       2
       3
       3
       1
       5
       2
       4
       5
       1
       8
       2
       3
       1
       0
       1
       3
       3
       5
       2
       2
       2
       1
       1
       4
       1
       4
       2
       2
       5
       2
       1
       1
       2
       3
       3
       2
       4
       1
       1
       1
       0
       1
       0
       4
       3
       5
       2
       1
       1
       3
       3
       1
       2
       2
       0
       2
       3
       4
       4
       3
       1
       2
       2
       3
       0
       0
       4
       4
       3
       3
       3
       1
       1
       1
       1
       2
       6
       0
       1
       1
       1
       0
       1
       3
       2
       2
       2
       2
       2
       1
       1
       2
       4
       1
       2
       2
       3
       0
       0
       3
       1
       1
       1
       1
       1
       1
       1
       2
       4
       0
       3
       1
       3
       0
       1
       3
       3
       1
       3
       1
       4
       3
       4
       3
       2
       1
       0
       2
       2
       1
       1
       0
       1
       0
       4
       2
       2
       1
       1
       1
       3
       2
       2
       1
       2
       5
       1
       4
       5
       1
       4
       4
       3
       1
       0
       6
       7
       0
       5
       0
       2
       2
       3
       1
       4
       0
       3
       0
       3
       2
       2
       5
       1
       2
       0
       1
       4
       2
       3
       2
       3
       1
       2
       2
       1
       3
       2
       5
       2
       2
       2
       3
       3
       0
       3
       1
       5
       2
       2
       0
       1
       2
       2
       2
       1
       2
       1
       1
       0
       3
       0
       2
       2
       1
       2
       0
       2
       3
       1
       3
       1
       2
       2
       0
       4
       2
       2
       2
       4
       2
       1
       1
       3
       4
       4
       5
       1
       3
       4
       2
       3
       2
       0
       2
       1
       1
       1
       3
       2
       0
       2
       5
       3
       2
       2
       0
       2
       4
       3
       4
       3
       6
       4
       2
       2
       0
       2
       1
       1
       0
       1
       5
       2
       2
       2
       2
       1
       2
       0
       4
       1
       2
       1
       0
       1
       4
       1
       3
       2
       2
       1
       0
       1
       0
       2
       4
       1
       3
       2
       4
       2
       2
       2
       2
       1
       0
       2
       2
       5
       1
       2
       2
       1
       0
       4
       2
       1
       2
       2
       2
       2
       1
       2
       2
       1
       3
       3
       0
       1
       2
       3
       1
       0
       2
       1
       1
       1
       4
       1
       4
       1
       1
       5
       3
       1
       1
       4
       4
       2
       4
       0
       0
       1
       3
       3
       1
       0
       3
       1
       0
       3
       1
       0
       5
       2
       1
       1
       2
       2
       2
       1
       4
       2
       1
       2
       1
       3
       4
       1
       2
       1
       1
       0
       0
       1
       3
       2
       3
       2
       1
       2
       1
       2
       3
       2
       0
       1
       3
       1
       1
       1
       0
       0
       5
       2
       0
       1
       1
       1
       0
       2
       0
       3
       1
       3
       2
       2
       0
       0
       1
       1
       3
       1
       0
       0
       0
       1
       2
       1
       1
       1
       0
       3
       1
       1
       1
       2
       3
       1
       2
       2
       1
       1
       2
       2
       2
       1
       1
       2
       1
       1
       1
       0
       1
       1
       1
       1
       1
       0
       2
       1
       1
       0
       2
       0
       1
       1
       1
       0
       1
       1
       2
       0
       1
       0
       0
       1
       3
       2
       1
       1
       2
       0
       0
       0
       1
       1
       0
       2
       0
       0
       0
       0
       0
       1
       4
       1
       2
       1
       0
       0
       0
       1
       0
       1
       0
       0
       2
       0
       0
       2
       2
       0
       4
       0
       1
       2
       2
       2
       0
       1
       1
       1
       1
       0
       0
       1
       2
       1
       0
       0
       2
       1
       2
       1
       3
       2
       1
       2
       0
       1
       1
       2
       2
       1
       0
       2
       0
       2
       1
       1
       0
       1
       0
       0
       1
       0
       0
       0
       1
       1
       2
       1
       0
       0
       2
       0
       1
       0
       1
       0
       0
       2
       0
       0
       1
       2
       0
       0
       2
       0
       0
       2
       0
       1
       0
       0
       1
       0
       0
       0
       2
       1
       0
       1
       2
       1
       1
       1
       2
       0
       1
       1
       2
       1
       0
       1
       0
       1
       1
       1
       0
       2
       0
       1
       0
       1
       0
       0
       2
       0
       0
       0
       0
       1
       3
       0
       0
       1
       2
       1
       0
       1
       1
       0
       0
       2
       2
       1
       1
       1
       1
       0
       2
       1
       0
       0
       2
       0
       1
       1
       0
       0
       1
       1
       0
       1
       2
       2
       2
       0
       1
       0
       0
       1
       1
       1
       1
       2
       1
       1
       1
       1
       2
       3
       0
       1
       2
       0
       0
       0
       0
       0
       1
       0
       1
       1
       0
       0
       1
       1
       0
       1
       0
       0
       0
       0
       2
       3
       0
       2
       2
       1
       1
       1
       0
       0
       0
       0
       1
       0
       1
       0
       1
       1
       0
       1
       0
       0
       0
       1
       1
       1
       1
       0
       2
       0
       1
       2
       0
       0
       1
       0
       1
       1
       0
       1
       0
       1
       0
       0
       1
       1
       0
       2
       0
       1
       1
       0
       0
       0
       0
       1
       0
       3
       0
       0
       0
       0
       2
       0
       1
       0
       0
       3
       0
       1
       1
       1
       0
       0
       0
       1
       1
       1
       2
       0
       0
       0
       0
       0
       1
       1
       1
       1
       0
       0
       1
       1
       0
       1
       2
       0
       1
       1
       1
       1
       1
       0
       0
       1
       0
       1
       0
       2
       1
       0
       3
       0
       1
       3
       1
       0
       0
       0
       1
       2
       3
       1
       2
       0
       0
       1
       1
       1
       0
       0
       0
       0
       2
       0
       0
       0
       1
       0
       2
       0
       1
       0
       1
       0
       1
       1
       0
       1
       1
       0
       3
       0
       1
       3
       0
       1
       0
       3
       1
       0
       4
       1
       1
       2
       2
       2
       1
       0
       0
       0
       3
       0
       0
       2
       0
       0
       0
       2
       1
       0
       1
       0
       1
       1
       0
       0
       1
       0
       0
       2
       2
       0
       0
       2
       3
       1
       0
       1
       2
       1
       1
       0
       0
       0
       4
       1
       0
       0
       2
       0
       0
       0
       1
       0
       2
       1
       1
       2
       1
       0
       0
       0
       0
       2
       0
       0
       1
       1
       0
       1
       1
       0
       0
       2
       2
       2
       0
       0
       0
       2
       2
       1
       1
       0
       1
       0
       3
       0
       1
       4
       3
       1
       1
       1
       1
       1
       0
       0
       1
       0
       0
       0
       2
       0
       2
       1
       0
       2
       1
       0
       2
       1
       0
       2
       3
       3
       1
       1
       1
       2
       1
       3
       1
       3
       2
       1
       1
       1
       2
       2
       2
       3
       6
       3
       3
       2
       5
       3
       7
       1
       0
       0
       1
       1
       3
       0
       0
       0
       0
       1
       1
       1
       1
       2
       0
       0
       1
       0
       0
       0
       1
       0
       1
       1
       1
       0
       2
       3
       3
       0
       0
       0
       1
       0
       1
       2
       1
       1
       0
       2
       0
       1
       0
       2
       2
       0
       1
       0
       0
       2
       1
       4
       3
       2
       0
       1
       2
       1
       1
       0
       0
       2
       1
       0
       3
       1
       6
       7
       3
       1
       4
       6
       6
       7
       6
      11
      16
      13
      16
      27
      22
      22
      22
      32
      30
      17
      25
      20
      18
      20
      19
      11
      11
      16
       9
       7
       7
       3
       2
       1
       0
       0
       1
       1
       2
       0
       0
       0
       1
       1
       0
       0
       0
       0
       0
       0
       0
       0
       0
       0
       0
       1
       1
       0
       0
       0
       0
       0
       0
       1
       1
       0
       0
       1
       2
       0
       2
       1
       1
       1
       0
       1
       0
       0
       0
       0
       0
       0
       3
       0
       0
       0
       0
       0
       0
       1
       0
       0
       0
       0
       0
       0
       1
       0
       0
       0
       0
       0
       0
       0
       1
       0
       0
       1
       0
       0
       0
       0
       1
       0
       0
       0
       1
       0
       1
       2
       0
       2
       0
       1
       0
       0
       0
       0
       0
       0
       0
       0
       0
       0
       0
       0
       0
       0
       0
       0
       0
       0
       0
       0
       0
       0
       0
       1
       0
       0
       0
       0
       0
       0
       0
       1
       1
       0
       1
       0
       1
       0
       1
       1
       0
       0
       0
       1
       0
       0
       0
       0
       0
       0
       2
       1
       1
       0
       1
       0
       2
       0
       0
       0
       0
       1
       0
       0
       0
       1
       0
       1
       0
       0
       0
       0
       1
       0
       0
       0
       0
       0
       0
       1
       0
       0
       0
       1
       0
       0
       0
       0
       0
       0
       1
       0
       0
       0
       0
       0
       0
       2
       0
       0
       0
       0
       1
       0
       0
       1
       0
       0
       0
       2
       0
       0
       1
       0
       0
       0
       2
       0
       0
       0
       2
       1
       0
       1
       1
       0
       0
       0
       1
       0
       0
       1
       2
       0
       0
       0
       0
       0
       0
       2
       4
       1
       1
       0
       1
       0
       1
       0
       1
       1
       0
       1
       2
       0
       0
       0
       0
       1
       1
       2
       0
       0
       0
       0
       0
       1
       0
       1
       1
       0
       0
       0
       0
       0
       1
       0
       0
       0
       0
       0
       0
       1
       0
       0
       0
       0
       0
       1
       0
       0
       1
       0
       0
       0
       0
       0
       0
       0
       0
       1
       2
       0
       0
       0
       1
       0
       0
       0
       0
       0
       0
       0
       0
       1
       0
       0
       0
       0
       0
       0
       0
       0
       0
       0
       0
       0
       0
       0
       0
       1
       0
       0
       0
       0
       0
       1
       0
       0
       0
       0
       0
       0
       0
       0
       2
       0
       1
       0
       0
       1
       0
       0
       0
       0
       0
       0
       0
       0
       0
       0
       0
       0
       0
       0
       0
       0
       0
       0
       0
       0
       0
       0
       0
       0
       0
       0
       0
       0
       0
       0
       0
       0
       0
       0
       0
       0
       0
       0
       0
       0
       0
       0
       0
       0
       0
       0
       0
       0
       0
       0
       0
       0
       0
       0
       0
       0
       0
       0
       0
       0
       0
       0
       0
       0
       0
       0
       0
       0
       0
       0
       0
       0
       0
       0
       0
       0
       0
       0
       0
       0
       0
       0
       0
       0
       0
       0
       0
       0
       0
       0
       0
       0
       0
       0
       0
       0
       0
       0
       0
       0
       0
       0
       0
       0
       0
       0
       0
       0
       0
       0
       0
       0
       0
       0
       0
       0
       0
       0
       0
       0
       0
       0
       0
       0
       0
       0
       0
       0
$ROI:
0
$PRESETS:
Live Time
180
0
$ENER_FIT:
0.000000 0.231538
$MCA_CAL:
3
0.000000E+000 2.315376E-001 0.000000E+000 keV
$SHAPE_CAL:
3
1.035860E+001 0.000000E+000 0.000000E+000
