$SPEC_ID:
No sample description was entered.
$SPEC_REM:
DET# 1
DETDESC# NOISEPC Easy-MCA-8k SN 12310217
AP# Maestro Version 7.01
$DATE_MEA:
06/16/2022 17:06:44
$MEAS_TIM:
5400 5455
$DATA:
0 8191
       0
       0
       0
       0
       0
       0
       0
       0
       0
       1
       0
       0
       0
       0
       0
       0
       0
       0
       0
       0
       0
       0
       0
       0
       0
       0
       0
       0
       0
       0
       0
       0
       0
       0
       0
       0
       0
       0
       0
       0
       0
       0
       0
       0
       0
       0
       0
       0
       0
       0
       0
       0
       0
       0
       0
       0
       0
       0
       0
       4
       3
       4
       2
       0
       0
       0
       0
       0
       0
       1
       0
       2
       3
       7
      20
      42
      79
     107
     167
     196
     192
     233
     244
     287
     248
     246
     266
     301
     293
     272
     261
     290
     265
     284
     258
     231
     258
     251
     275
     266
     290
     287
     244
     294
     243
     287
     244
     284
     237
     262
     244
     243
     271
     275
     235
     221
     256
     216
     217
     249
     237
     251
     220
     237
     224
     236
     228
     240
     232
     256
     230
     237
     256
     235
     254
     230
     224
     246
     215
     238
     230
     218
     252
     230
     237
     224
     217
     227
     238
     206
     210
     240
     221
     227
     210
     234
     224
     232
     216
     211
     250
     209
     221
     231
     215
     191
     245
     177
     225
     214
     197
     208
     214
     210
     229
     221
     226
     223
     239
     225
     204
     211
     221
     185
     186
     220
     204
     182
     204
     224
     195
     191
     212
     213
     207
     214
     222
     207
     204
     221
     213
     166
     200
     206
     191
     209
     211
     233
     213
     205
     208
     197
     229
     198
     186
     194
     184
     238
     214
     230
     213
     234
     207
     222
     191
     231
     206
     185
     225
     246
     198
     229
     205
     216
     223
     168
     196
     208
     223
     235
     215
     235
     232
     215
     233
     248
     225
     210
     230
     246
     216
     234
     236
     212
     226
     210
     260
     227
     213
     219
     226
     203
     240
     257
     257
     240
     236
     243
     229
     257
     245
     237
     210
     222
     249
     245
     294
     229
     273
     235
     244
     237
     276
     265
     255
     263
     247
     286
     268
     270
     255
     230
     261
     258
     276
     266
     280
     297
     304
     284
     255
     252
     248
     271
     255
     280
     267
     307
     295
     272
     312
     289
     307
     295
     297
     285
     298
     292
     307
     280
     318
     299
     293
     280
     281
     309
     311
     342
     322
     360
     314
     322
     316
     321
     331
     299
     286
     298
     344
     279
     364
     334
     324
     342
     335
     323
     319
     328
     338
     322
     316
     344
     341
     345
     361
     327
     333
     360
     352
     380
     324
     359
     329
     327
     366
     342
     342
     340
     357
     419
     387
     362
     379
     420
     398
     381
     367
     388
     362
     384
     391
     393
     362
     406
     406
     452
     378
     414
     383
     397
     379
     410
     390
     432
     408
     451
     459
     446
     388
     432
     426
     385
     417
     446
     426
     406
     421
     398
     394
     395
     399
     415
     400
     401
     421
     423
     424
     395
     413
     413
     412
     428
     402
     432
     430
     419
     443
     416
     401
     409
     451
     467
     401
     451
     397
     427
     418
     400
     403
     425
     427
     447
     413
     449
     435
     416
     440
     411
     425
     455
     414
     430
     438
     447
     452
     399
     448
     399
     428
     409
     431
     424
     426
     446
     427
     414
     464
     419
     409
     472
     457
     451
     460
     415
     442
     454
     467
     446
     458
     450
     468
     440
     445
     424
     466
     448
     473
     443
     497
     487
     459
     468
     495
     456
     451
     452
     469
     464
     448
     488
     417
     483
     435
     453
     428
     461
     467
     446
     439
     439
     419
     469
     480
     457
     437
     420
     509
     443
     485
     464
     444
     478
     465
     463
     443
     453
     494
     426
     418
     441
     467
     458
     447
     460
     461
     456
     429
     421
     448
     450
     443
     444
     445
     470
     457
     451
     450
     471
     473
     473
     463
     423
     431
     473
     466
     449
     421
     462
     458
     463
     412
     453
     444
     447
     399
     419
     457
     435
     454
     499
     481
     465
     429
     448
     458
     454
     442
     462
     449
     406
     426
     460
     420
     409
     461
     430
     418
     391
     420
     435
     416
     403
     433
     464
     421
     425
     434
     431
     386
     463
     440
     467
     478
     424
     412
     452
     426
     447
     418
     421
     417
     439
     439
     397
     428
     429
     429
     446
     431
     411
     425
     443
     445
     447
     401
     400
     417
     420
     414
     420
     409
     371
     444
     390
     447
     411
     433
     413
     425
     438
     403
     444
     374
     409
     403
     377
     414
     461
     412
     401
     421
     394
     407
     362
     406
     410
     389
     401
     385
     432
     405
     405
     395
     396
     361
     394
     400
     386
     400
     396
     406
     401
     403
     380
     433
     398
     394
     371
     415
     381
     357
     376
     373
     364
     407
     389
     396
     406
     379
     387
     391
     358
     379
     368
     394
     380
     408
     399
     357
     377
     368
     378
     379
     343
     355
     412
     392
     398
     395
     391
     368
     379
     358
     375
     378
     372
     332
     341
     347
     344
     370
     346
     373
     379
     344
     319
     357
     363
     368
     386
     376
     382
     359
     366
     390
     339
     355
     352
     319
     372
     368
     357
     370
     341
     365
     352
     330
     331
     373
     359
     362
     319
     363
     323
     330
     378
     319
     365
     352
     366
     301
     383
     336
     356
     343
     359
     356
     329
     329
     361
     351
     319
     365
     301
     328
     328
     382
     337
     335
     314
     335
     318
     300
     325
     323
     344
     376
     335
     300
     337
     309
     314
     332
     320
     313
     326
     300
     318
     338
     374
     389
     392
     329
     323
     343
     351
     310
     322
     330
     310
     311
     319
     323
     319
     311
     326
     299
     321
     325
     326
     308
     321
     313
     308
     300
     314
     294
     282
     339
     295
     274
     310
     311
     325
     290
     292
     299
     310
     326
     288
     294
     297
     299
     312
     295
     342
     305
     298
     305
     287
     249
     277
     296
     293
     297
     283
     304
     295
     275
     289
     330
     302
     245
     313
     295
     303
     274
     297
     256
     271
     290
     304
     270
     275
     290
     257
     274
     278
     293
     298
     258
     281
     292
     292
     266
     251
     295
     268
     240
     269
     275
     259
     242
     272
     291
     257
     267
     266
     287
     293
     289
     270
     266
     287
     260
     308
     256
     280
     264
     243
     258
     249
     292
     259
     278
     241
     281
     251
     245
     258
     265
     270
     260
     251
     287
     245
     239
     242
     293
     238
     260
     226
     236
     282
     272
     233
     246
     280
     262
     256
     231
     273
     239
     246
     269
     260
     223
     232
     234
     222
     250
     260
     256
     235
     271
     233
     218
     275
     245
     260
     241
     236
     260
     229
     204
     226
     272
     251
     243
     239
     238
     242
     216
     272
     236
     226
     260
     242
     225
     255
     219
     237
     249
     220
     226
     193
     235
     263
     234
     222
     209
     231
     231
     234
     231
     240
     198
     235
     242
     220
     224
     235
     242
     230
     222
     231
     219
     238
     250
     227
     213
     212
     208
     234
     234
     207
     255
     230
     202
     234
     251
     255
     238
     274
     312
     355
     443
     377
     415
     389
     329
     317
     256
     207
     223
     215
     213
     216
     253
     266
     291
     265
     267
     287
     241
     212
     240
     212
     213
     187
     210
     190
     210
     205
     177
     213
     192
     200
     189
     214
     190
     193
     193
     201
     195
     210
     174
     206
     209
     208
     203
     208
     182
     206
     179
     191
     172
     191
     202
     206
     191
     176
     194
     174
     166
     182
     181
     194
     182
     198
     188
     157
     167
     168
     141
     169
     181
     175
     187
     202
     165
     182
     161
     169
     169
     187
     191
     180
     183
     199
     171
     175
     185
     193
     198
     189
     180
     196
     176
     183
     154
     168
     183
     156
     196
     183
     161
     157
     156
     184
     167
     159
     171
     173
     157
     165
     167
     179
     155
     150
     158
     140
     153
     177
     152
     172
     166
     162
     156
     187
     149
     152
     185
     163
     153
     144
     163
     190
     160
     145
     165
     170
     165
     192
     159
     177
     197
     163
     160
     136
     163
     155
     165
     144
     175
     167
     162
     173
     167
     177
     148
     159
     161
     135
     164
     138
     145
     159
     146
     152
     154
     146
     164
     176
     185
     170
     141
     139
     173
     133
     141
     166
     167
     158
     165
     160
     143
     132
     146
     140
     146
     147
     154
     152
     150
     161
     166
     140
     149
     143
     163
     164
     143
     128
     144
     144
     164
     133
     117
     149
     166
     150
     158
     143
     149
     137
     151
     141
     143
     148
     125
     143
     161
     142
     138
     144
     139
     132
     162
     133
     136
     116
     139
     136
     152
     136
     152
     140
     160
     124
     140
     133
     149
     152
     135
     131
     147
     148
     157
     184
     206
     244
     267
     228
     203
     198
     166
     144
     135
     141
     120
     128
     136
     106
     141
     142
     128
     131
     162
     133
     146
     120
     167
     131
     167
     148
     133
     137
     129
     131
     128
     138
     143
     137
     137
     103
     130
     123
     115
     118
     111
     127
     143
     124
     136
     147
     127
     122
     109
     130
     125
     122
     140
     142
     133
     135
     146
     129
     142
     118
     113
     116
     123
     130
     116
     127
     131
     130
     118
     117
     117
     115
     132
     111
     127
     124
     115
     136
     128
     123
     103
     123
     123
     126
     119
     140
     127
     125
     105
     130
     100
     111
     100
     106
     106
     118
      94
     119
     115
     112
     110
     114
     109
     109
     121
      99
     118
     122
     112
     110
     116
     137
     116
     108
     116
     120
     124
     122
     119
     105
     125
     127
     116
     121
     121
     126
     117
     136
     105
     103
     117
     119
      96
     107
     113
     116
     120
     125
      96
     102
     121
     108
     116
     127
     129
     103
     123
      94
     121
     135
     124
     100
     111
     119
     120
     104
     106
     119
     102
     113
     110
     100
     106
      92
     107
     120
     112
      89
     108
      93
     110
     117
      98
     120
      88
     106
      93
      89
     101
     117
     108
     113
     117
     115
     101
     146
     136
     159
     169
     166
     124
     143
     135
     111
     120
     100
      80
     111
      98
      92
     121
     111
     112
      86
     104
      91
     106
     113
      98
     101
      98
     113
     104
      77
     121
     101
      91
      97
      95
     102
      90
      96
     109
      85
      90
     109
      75
      92
      85
      94
      96
      91
     120
     106
      99
      94
      87
      83
      97
     101
     109
     113
     162
     175
     240
     290
     315
     328
     305
     277
     220
     154
     121
     103
      96
      95
      89
      80
      87
      95
     103
      96
      90
      95
     110
      76
      91
      88
      85
      83
      80
      86
      86
      77
      99
      86
      91
      71
      83
     103
      92
      88
      93
      89
      72
      87
      90
      74
     103
      98
      90
      85
      90
      82
      89
      85
      64
      86
      91
      78
     101
      85
      66
      87
      95
      92
      88
      89
      82
      91
      74
     100
      82
      92
      93
      83
      89
      76
      90
      70
      94
      72
      76
      86
      67
      85
      86
      73
      81
      81
      87
      86
      86
      73
      79
      83
      75
      94
      90
      95
      85
      88
      88
      68
      86
      74
      86
      91
      74
      66
      73
      82
      80
      82
      70
      94
      71
      73
      77
     105
      79
      87
      71
      75
      69
      75
      71
      79
      75
      86
      76
      94
      80
      76
      77
      61
      69
      82
      70
      82
      91
      68
      81
      58
      73
      71
      85
      87
      80
      76
      85
      86
     103
      89
      61
      71
      76
      78
      77
      83
      56
      88
      74
      83
      88
      90
      67
      65
      96
      88
      76
      98
      70
      64
      85
      83
      80
      71
      74
      83
      69
      50
      96
      67
      80
      80
      82
      63
      81
      77
      90
      81
      76
      82
      67
      85
      78
      79
      61
      63
      61
      71
      89
      81
      74
      63
      72
      70
      98
      83
      87
      73
      78
      68
      66
      65
      74
      79
      56
      89
      83
      84
      56
      66
      60
      74
      76
      94
      59
      75
      62
      62
      72
      63
      70
      67
      84
      65
      61
      74
      75
      62
      87
      76
      63
      75
      67
      75
      61
      66
      62
      73
      68
      93
      66
      85
      89
      66
      61
      60
      86
      70
      71
      69
      70
      68
      68
      59
      81
      55
      89
      90
      62
      66
      68
      69
      61
      77
      71
      88
      67
      72
      59
      69
      64
      70
      66
      80
      70
      76
      71
      67
      85
      69
      74
      61
      68
      77
      71
      63
      75
      57
      58
      74
      68
      64
      65
      53
      79
      78
      65
      66
      67
      58
      71
      68
      87
      72
      65
      59
      56
      61
      67
      78
      81
      50
      61
      70
      63
      61
      75
      63
      66
      63
      68
      76
      62
      66
      59
      66
      65
      67
      72
      59
      55
      60
      57
      74
      56
      70
      47
      66
      73
      76
      62
      72
      64
      74
      60
      72
      48
      67
      54
      53
      57
      47
      73
      60
      65
      62
      55
      59
      54
      69
      68
      56
      66
      85
      69
      53
      66
      60
      54
      55
      70
      69
      69
      51
      58
      73
      58
      72
      55
      70
      60
      60
      67
      56
      62
      63
      67
      66
      60
      68
      59
      65
      66
      74
      41
      75
      52
      71
      66
      77
      71
      58
      57
      51
      51
      58
      54
      59
      47
      67
      45
      83
      61
      62
      49
      58
      51
      58
      50
      49
      51
      63
      63
      52
      55
      60
      62
      53
      57
      54
      57
      71
      58
      65
      60
      64
      61
      69
      53
      53
      68
      69
      60
      65
      60
      57
      51
      58
      45
      48
      47
      50
      60
      64
      48
      56
      69
      63
      58
      64
      57
      59
      59
      53
      66
      56
      66
      64
      72
      73
      81
      70
      81
     104
      71
      74
      74
      56
      64
      64
      67
      55
      63
      66
      52
      52
      57
      68
      55
      68
      53
      66
      60
      60
      51
      54
      62
      54
      54
      54
      53
      55
      61
      56
      42
      63
      61
      63
      71
      44
      63
      50
      60
      59
      66
      57
      58
      56
      51
      65
      54
      60
      59
      56
      53
      49
      61
      59
      42
      52
      52
      61
      69
      69
      65
      63
      67
      58
      65
      59
      62
      47
      62
      65
      54
      36
      47
      67
      63
      61
      47
      62
      47
      59
      48
      46
      50
      53
      46
      66
      52
      45
      52
      56
      47
      55
      32
      41
      38
      41
      41
      53
      53
      52
      46
      63
      60
      51
      53
      46
      52
      52
      47
      53
      58
      57
      54
      36
      59
      61
      60
      44
      49
      49
      46
      41
      46
      50
      62
      51
      51
      43
      55
      48
      40
      57
      55
      56
      47
      54
      58
      49
      41
      60
      62
      29
      47
      50
      48
      38
      56
      49
      51
      57
      44
      51
      44
      44
      62
      36
      54
      35
      59
      62
      51
      46
      46
      54
      60
      49
      61
      49
      59
      40
      43
      48
      54
      54
      42
      43
      48
      40
      47
      50
      50
      49
      42
      56
      38
      51
      35
      46
      46
      63
      53
      46
      66
      63
      72
      58
      82
      89
     115
     116
     138
     158
     202
     282
     312
     301
     309
     330
     294
     247
     190
     164
     161
     113
     104
      84
      59
      71
      70
      60
      57
      39
      48
      55
      58
      47
      46
      52
      49
      60
      63
      43
      42
      40
      43
      45
      42
      43
      40
      36
      59
      45
      45
      40
      57
      33
      53
      55
      58
      45
      44
      43
      51
      44
      45
      43
      39
      45
      43
      42
      39
      42
      53
      50
      46
      41
      34
      48
      40
      44
      36
      43
      33
      29
      48
      38
      41
      50
      45
      40
      40
      43
      40
      40
      50
      48
      47
      42
      44
      48
      51
      41
      55
      45
      32
      47
      41
      35
      40
      44
      41
      33
      33
      33
      49
      48
      42
      41
      40
      38
      40
      42
      55
      35
      39
      32
      40
      36
      36
      36
      39
      42
      43
      43
      34
      53
      40
      47
      37
      27
      40
      46
      50
      34
      50
      41
      42
      39
      43
      39
      43
      44
      42
      31
      37
      37
      48
      43
      38
      36
      35
      42
      43
      48
      32
      41
      42
      38
      46
      52
      40
      40
      38
      56
      41
      47
      46
      36
      45
      45
      38
      44
      50
      39
      37
      35
      39
      49
      41
      44
      43
      32
      35
      39
      48
      44
      46
      45
      42
      44
      43
      41
      32
      37
      57
      48
      28
      34
      42
      43
      35
      36
      46
      45
      39
      47
      36
      47
      37
      36
      33
      32
      43
      36
      39
      45
      43
      42
      39
      36
      44
      40
      42
      54
      38
      39
      43
      48
      42
      38
      46
      39
      30
      36
      42
      32
      34
      38
      34
      40
      30
      38
      36
      35
      41
      31
      46
      48
      43
      37
      43
      51
      31
      35
      50
      49
      34
      30
      30
      48
      46
      43
      40
      45
      45
      41
      44
      46
      30
      47
      41
      29
      38
      35
      29
      35
      29
      37
      40
      35
      47
      40
      30
      49
      34
      35
      39
      40
      44
      32
      34
      37
      43
      41
      40
      32
      37
      30
      34
      33
      53
      33
      40
      35
      44
      39
      33
      39
      39
      26
      34
      44
      64
      70
      85
     120
     148
     133
     163
     142
     140
     116
      93
      75
      55
      36
      40
      34
      37
      35
      34
      42
      38
      42
      45
      35
      34
      43
      47
      25
      46
      35
      33
      33
      40
      41
      29
      47
      21
      24
      39
      33
      31
      46
      39
      40
      32
      40
      38
      35
      30
      42
      31
      40
      38
      46
      49
      39
      34
      30
      35
      37
      32
      40
      32
      48
      35
      36
      42
      30
      36
      29
      37
      40
      36
      37
      38
      46
      31
      35
      35
      36
      41
      40
      32
      41
      37
      37
      41
      45
      53
      37
      34
      41
      42
      26
      25
      41
      51
      30
      33
      39
      37
      41
      36
      33
      34
      29
      33
      42
      37
      36
      46
      49
      41
      72
     102
     141
     210
     246
     257
     288
     257
     250
     212
     129
      93
      68
      36
      37
      33
      39
      37
      35
      38
      39
      38
      28
      35
      25
      35
      21
      38
      32
      30
      29
      36
      18
      27
      37
      35
      39
      32
      23
      25
      33
      28
      27
      33
      36
      28
      29
      39
      38
      35
      24
      32
      30
      24
      20
      33
      32
      33
      35
      30
      37
      28
      36
      27
      35
      30
      32
      34
      27
      47
      29
      37
      23
      25
      40
      28
      31
      33
      29
      34
      37
      35
      32
      39
      36
      37
      27
      36
      21
      26
      40
      26
      31
      36
      40
      43
      37
      30
      40
      28
      30
      40
      33
      35
      27
      26
      29
      31
      33
      33
      42
      32
      35
      31
      33
      33
      40
      23
      28
      34
      26
      23
      26
      35
      38
      33
      35
      24
      25
      38
      26
      33
      33
      31
      30
      39
      26
      28
      33
      28
      26
      42
      17
      40
      37
      33
      30
      15
      36
      36
      28
      40
      29
      31
      27
      21
      35
      33
      37
      29
      35
      30
      32
      27
      35
      39
      25
      33
      27
      24
      28
      22
      26
      35
      23
      26
      37
      37
      34
      17
      33
      19
      29
      32
      34
      49
      29
      49
      27
      31
      28
      31
      31
      32
      23
      28
      26
      28
      26
      29
      20
      26
      19
      34
      37
      29
      28
      26
      30
      34
      24
      34
      33
      32
      33
      36
      29
      37
      31
      34
      27
      24
      30
      27
      29
      34
      24
      30
      40
      35
      24
      48
      46
      41
      42
      41
      39
      25
      28
      23
      22
      44
      32
      32
      39
      46
      39
      41
      26
      39
      23
      36
      36
      31
      32
      28
      35
      37
      27
      25
      28
      27
      31
      24
      29
      26
      31
      21
      33
      35
      33
      24
      24
      39
      24
      25
      25
      15
      34
      24
      27
      29
      27
      23
      35
      27
      27
      34
      30
      25
      26
      28
      30
      41
      31
      28
      34
      38
      39
      32
      31
      23
      36
      27
      27
      27
      33
      26
      27
      39
      26
      23
      22
      28
      29
      21
      23
      32
      30
      26
      43
      27
      19
      30
      24
      23
      24
      33
      24
      31
      37
      35
      24
      28
      37
      21
      31
      37
      28
      26
      29
      24
      29
      30
      20
      38
      27
      32
      25
      28
      21
      44
      25
      30
      32
      36
      31
      22
      24
      31
      27
      23
      24
      18
      28
      31
      29
      30
      28
      32
      32
      40
      30
      28
      25
      30
      47
      25
      28
      30
      37
      25
      43
      27
      22
      20
      26
      24
      25
      30
      22
      25
      27
      12
      30
      38
      30
      36
      22
      28
      21
      33
      41
      29
      22
      30
      35
      29
      33
      35
      27
      35
      34
      37
      39
      32
      29
      37
      30
      27
      27
      27
      33
      33
      22
      30
      25
      14
      20
      28
      27
      25
      28
      27
      25
      28
      18
      20
      26
      16
      24
      23
      27
      24
      24
      27
      36
      29
      23
      16
      29
      20
      21
      26
      29
      31
      41
      26
      27
      31
      21
      23
      28
      17
      23
      23
      36
      24
      28
      26
      29
      30
      36
      19
      31
      20
      17
      29
      26
      28
      26
      30
      28
      38
      30
      28
      31
      23
      29
      22
      23
      25
      20
      20
      30
      29
      19
      27
      30
      25
      32
      24
      23
      32
      29
      22
      22
      34
      29
      25
      45
      29
      41
      65
      53
      46
      42
      38
      43
      49
      45
      31
      30
      34
      29
      20
      25
      34
      33
      22
      22
      19
      18
      30
      24
      22
      25
      20
      27
      26
      27
      27
      26
      23
      28
      23
      24
      26
      31
      31
      26
      24
      23
      29
      25
      20
      26
      28
      25
      24
      40
      25
      32
      18
      14
      24
      14
      38
      37
      27
      17
      30
      19
      26
      36
      20
      28
      27
      21
      21
      27
      27
      19
      28
      17
      25
      15
      30
      24
      29
      26
      24
      36
      22
      32
      25
      24
      31
      26
      26
      32
      18
      32
      19
      25
      23
      27
      28
      30
      26
      36
      22
      23
      28
      28
      27
      25
      18
      21
      21
      22
      27
      29
      18
      30
      25
      23
      30
      19
      24
      32
      22
      19
      29
      35
      22
      16
      31
      28
      36
      28
      27
      27
      27
      28
      29
      28
      17
      33
      28
      23
      18
      24
      24
      23
      27
      24
      30
      32
      22
      33
      22
      24
      28
      29
      36
      26
      28
      23
      29
      24
      28
      26
      24
      35
      29
      28
      20
      33
      35
      27
      25
      32
      27
      19
      33
      34
      27
      25
      39
      39
      44
      40
      36
      56
      40
      41
      35
      46
      27
      23
      19
      33
      17
      24
      25
      29
      29
      34
      31
      21
      31
      23
      33
      32
      27
      28
      29
      17
      19
      26
      24
      14
      27
      25
      27
      14
      26
      18
      25
      24
      20
      29
      18
      32
      28
      14
      26
      30
      21
      24
      31
      18
      24
      17
      33
      21
      23
      35
      21
      24
      21
      29
      19
      26
      27
      22
      26
      20
      16
      26
      13
      21
      20
      36
      29
      42
      29
      33
      37
      32
      34
      39
      29
      22
      22
      26
      24
      19
      17
      24
      21
      25
      19
      18
      24
      17
      25
      25
      20
      18
      19
      23
      26
      21
      25
      14
      25
      29
      27
      14
      24
      18
      32
      29
      27
      44
      35
      28
      31
      44
      38
      29
      30
      22
      19
      22
      16
      22
      21
      19
      22
      18
      18
      15
      16
      22
      32
      26
      30
      22
      21
      15
      43
      33
      26
      27
      17
      25
      24
      26
      19
      20
      27
      24
      21
      23
      17
      24
      35
      33
      28
      36
      28
      32
      23
      28
      30
      25
      31
      22
      22
      24
      32
      23
      22
      23
      23
      16
      23
      24
      22
      18
      22
      24
      22
      19
      26
      24
      25
      29
      20
      23
      19
      32
      22
      24
      23
      26
      22
      25
      16
      21
      32
      23
      30
      24
      14
      13
      26
      20
      26
      22
      20
      16
      25
      26
      22
      21
      28
      22
      18
      18
      24
      17
      22
      33
      19
      17
      18
      24
      31
      26
      26
      27
      20
      20
      22
      21
      22
      13
      21
      17
      20
      17
      17
      23
      24
      23
      25
      24
      24
      14
      24
      16
      34
      20
      21
      25
      22
      22
      26
      23
      25
      29
      21
      18
      26
      15
      27
      15
      24
      21
      18
      24
      18
      23
      20
      23
      31
      20
      28
      20
      21
      16
      21
      28
      14
      28
      23
      18
      25
      24
      31
      27
      23
      33
      20
      18
      20
      19
      16
      16
      21
      22
      24
      21
      26
      31
      18
      27
      23
      15
      30
      28
      31
      18
      19
      21
      25
      23
      27
      22
      20
      22
      25
      22
      18
      22
      27
      29
      20
      21
      18
      24
      26
      14
      21
      25
      20
      23
      23
      18
      25
      29
      26
      19
      26
      19
      21
      27
      19
      20
      19
      21
      22
      22
      21
      20
      21
      22
      26
      30
      18
      25
      20
      17
      18
      18
      22
      20
      24
      18
      22
      27
      19
      19
      20
      20
      18
      17
      18
      23
      27
      20
      26
      15
      26
      17
      20
      22
      18
      19
      23
      27
      23
      34
      21
      19
      45
      43
      36
      36
      33
      22
      34
      16
      20
      21
      25
      21
      21
      21
      20
      20
      20
      26
      20
      28
      22
      20
      15
      18
      18
      19
      19
      19
      28
      18
      20
      16
      21
      17
      16
      22
      19
      21
      26
      22
      19
      20
      22
      18
      21
      21
      22
      17
      21
      18
      26
      19
      24
      19
      27
      20
      17
      22
      18
      23
      12
      20
      19
      23
      22
      24
      15
      21
      33
      25
      30
      16
      22
      27
      16
      22
      16
      14
      21
      11
      32
      29
      23
      22
      25
      19
      17
      31
      18
      20
      13
      28
      33
      21
      18
      22
      24
      21
      21
      16
      15
      23
      22
      25
      20
      20
      24
      20
      23
      20
      21
      18
      19
      17
      27
      14
      20
      21
      19
      21
      15
      26
      19
      23
      12
      25
      19
      23
      24
      18
      20
      23
      26
      21
      13
      25
      24
      15
      26
      20
      13
      15
      18
      34
      21
      19
      28
      17
      20
      12
      21
      21
      25
      11
      21
      19
      16
      15
      19
      17
      16
      15
      20
      31
      23
      22
      16
      20
      24
      22
      16
      28
      25
      21
      14
      19
      23
      12
      15
      24
      13
      25
      23
      19
      19
      23
      27
      29
      27
      21
      24
      29
      33
      24
      25
      28
      25
      27
      20
      22
      15
      13
      27
      19
      16
      22
      21
      24
      20
      25
      18
      33
      28
      37
      35
      42
      50
      84
      83
      89
     110
     103
     110
      96
      87
      51
      43
      39
      42
      27
      17
      29
      13
      15
      26
      12
      14
      25
      12
      23
      24
      23
      20
      25
      18
      19
      18
      22
      18
      21
      24
      20
      18
      17
      25
      20
      26
      15
      21
      26
      24
      20
      21
      12
      21
      17
       9
      25
      14
      27
      21
      19
      17
      19
      28
      24
      23
      18
      20
      14
      18
      25
      23
      20
      20
      24
      22
      17
      16
      18
      18
      21
      22
      21
      23
      17
      16
      22
      19
      16
      20
      14
      20
      20
      22
      14
      13
      24
      15
      10
      19
      29
      19
      15
      23
      24
      28
      23
      48
      23
      38
      37
      28
      22
      23
      21
      27
      16
      19
      10
      15
      13
      16
      22
      16
      22
      21
      27
      21
      15
      21
      20
      24
      11
      19
      13
      24
      18
      20
      16
      20
      12
      23
      14
      19
      19
      12
      25
      18
      22
      26
      18
      20
      14
      14
      26
      25
      16
      14
      21
      18
      13
      18
      21
      17
      20
      12
      17
      19
      21
      22
      30
      22
      18
      12
      19
      29
      28
      20
      22
      35
      38
      24
      23
      20
      27
      24
      15
      25
      23
      23
      24
      20
      18
      11
      15
      18
      21
      17
      22
      18
      24
      28
      13
      18
      16
      21
      19
      17
      18
      25
      27
      19
      16
      20
      26
      13
      18
      19
      15
      26
      23
      20
      10
      29
      16
      24
      23
      15
      16
      22
      20
      19
      22
      23
      20
      24
      22
      29
      30
      40
      27
      37
      41
      31
      33
      25
      29
      18
      20
      21
      21
      16
      16
      32
      37
      43
      53
      59
      70
      74
      60
      72
      47
      63
      38
      26
      30
      18
      23
      17
      24
      17
      21
      23
      17
      14
      21
      15
      15
      13
      26
      18
      20
      13
      16
      20
      13
      15
      20
      22
      18
      13
      15
      23
      11
      19
      23
      14
       9
      18
      17
      10
      18
      12
      27
      17
      17
      20
      26
      20
      21
      15
      20
      14
      18
      16
      15
      29
      20
      13
      19
      20
       9
      23
      23
      20
      20
      16
      14
      15
      26
      19
      20
      16
      21
      21
      21
      20
      20
      18
      17
      19
      15
      24
      19
       9
      13
      14
      19
      19
      13
      25
      24
      14
      25
      16
      21
      19
      15
      17
      19
      24
      17
      22
      16
      25
      14
      23
      17
      21
      21
      24
      17
      11
      20
      17
      25
      20
      11
      25
      23
      25
      17
      16
      21
      21
      14
      22
      22
      18
      22
      18
      23
      13
      12
      18
      26
      21
      26
      24
      17
      23
      23
      20
      23
      20
      26
      21
      11
      18
      16
      24
      16
      14
      11
      26
      17
      19
      24
      23
      20
      13
      23
      22
      20
      19
      16
      13
      14
      14
      22
      15
      16
      16
      16
      19
      16
      17
      16
      19
      23
      12
      21
       9
      18
      14
      20
      20
      16
      20
      23
      10
      11
      14
      19
      24
      17
      29
      19
      15
      19
      18
      14
      10
      19
      16
      20
      21
      13
      25
      19
      19
      16
      21
      19
      12
      11
      20
      21
      22
      18
      17
      13
      17
      11
      14
      22
      19
      21
      23
      18
      17
      12
      13
      17
      18
      21
      10
      18
      24
      14
      17
      23
      21
      19
      26
      11
      14
      17
      15
      22
      19
      16
      19
      22
      25
      19
      22
      17
      23
      11
      21
      13
      19
      18
      19
      20
      16
      17
      19
      17
      18
      20
      17
      17
      26
      22
      11
      19
      18
      11
      25
      22
      16
      14
      15
      18
      14
      29
      19
      16
      12
      14
      17
      23
      14
      18
      22
      22
      19
      21
      15
      15
      16
      15
      25
      14
      13
      23
      16
      18
      12
       9
      12
      15
      16
      19
      18
      33
      16
      22
      22
      19
      20
      17
      20
      13
      22
      16
      22
      17
      16
      19
      21
      20
      19
       9
      11
      18
      22
      17
      20
      16
      28
      17
      16
      17
      13
      10
      22
      16
      18
      24
      21
      18
      22
      20
      19
      18
      14
       9
      16
      21
      17
      13
      26
      18
      15
      14
      20
      17
      18
      18
      16
      20
      25
      19
      10
      18
      11
      12
      13
      16
      14
      18
      11
      22
      13
      14
      20
      15
      17
      13
      15
      17
      21
      15
      19
      19
      18
      19
      12
      28
      11
      17
      16
      18
      17
      17
      14
      16
      19
      14
      20
      24
      15
      19
      12
      26
      14
      17
      17
      18
      17
      17
      23
      13
      16
      10
      22
       9
      19
      20
      15
      13
      17
      20
      30
      16
      16
      27
      12
      14
      17
      19
      16
      19
      20
      22
      22
      13
      21
      20
      18
      11
      22
      17
      17
      14
      20
      11
      11
      15
      18
      21
      13
      20
      18
      18
      16
      29
      13
      22
      20
      21
      17
      24
      19
      17
       9
      16
      14
      21
      20
      17
      19
      21
      14
      17
      16
      21
      14
      20
      13
      17
      15
      17
      17
      15
      25
      24
      23
      14
      16
      16
      13
      11
      25
      23
      14
      21
      21
      14
      24
      16
      22
      19
      16
      15
      22
      20
      18
      17
      15
      18
      26
      24
      19
      15
      20
      15
      28
      22
      20
      21
      28
      21
      24
      31
      14
      12
      22
      15
      14
      16
      24
      21
      14
      18
      17
      20
      20
      16
      15
      19
      21
      21
      15
      20
      16
      14
       9
      18
      14
      19
      21
      16
      11
      21
      20
      17
       7
      24
      13
      21
      23
      10
      18
      19
      21
      16
      14
       9
      23
       6
      20
      20
      24
      17
      17
      18
      19
      20
      15
      15
      19
      19
      11
      14
      15
      20
      16
      14
      17
      24
      19
      17
      20
      17
      21
      22
      18
      14
       8
      17
      11
      21
      21
      15
      10
      21
      21
      14
      12
      19
      17
      15
      24
      23
      13
      22
      15
      22
      21
      27
      23
      17
      20
      21
      22
      16
      16
      20
      16
      26
      26
      18
      37
      46
      53
      62
      75
      85
      79
      65
      82
      77
      46
      46
      48
      31
      27
      17
      13
      21
      21
      13
      19
      19
      19
      10
      21
      21
      14
      11
      20
      15
      18
       7
      17
      18
      14
      19
      14
      21
      27
      19
      22
      20
      15
      25
      22
      18
      18
      20
      16
      13
      21
      18
      21
      15
      24
      17
      13
      16
      15
      18
      22
      22
      22
      22
      19
      15
      16
      17
      15
      12
      19
      15
      16
      28
      16
      11
      17
      20
      15
      15
      14
      19
      18
      16
      24
      13
      20
      12
      23
      13
      21
      23
      19
      18
      14
      19
      18
      22
      20
      12
      16
      17
      19
      10
      11
      26
      11
      18
      22
      21
      15
      13
      16
      17
      17
      16
      20
      15
      14
      14
      21
      22
      13
      24
      24
      16
      20
      22
      19
      16
      16
      21
      17
      21
      15
      14
      19
      18
      14
      17
      18
      24
      22
      26
      16
      19
      18
      23
      19
      19
      22
      18
      20
      25
      23
      24
      23
      30
      18
      31
      18
      15
      29
      15
      14
      13
      20
      17
      16
      21
      14
      16
      19
      24
      20
      25
      25
      18
      11
      18
      11
      21
      18
      14
      19
      14
      22
      22
      16
      18
      15
      19
      17
      16
      15
      14
      22
      18
      15
      22
      11
      16
      22
      22
      18
      17
      11
      15
      14
      23
      18
      20
      12
      15
      17
      14
      11
      16
      13
      23
      16
      27
      13
      19
      17
      20
      24
      10
      23
      21
      20
      29
      32
      27
      30
      36
      25
      28
      21
      20
      17
      22
      17
      22
      13
      15
      13
      22
      17
      10
      20
      17
      21
      15
      13
      20
      22
      14
      11
      18
      17
      13
      22
       9
      17
      17
      19
      16
      19
      28
      19
      24
      25
      13
      22
      27
      14
      28
      16
      23
      17
      23
      21
       7
      24
      16
      27
      15
      23
      15
      24
      13
      28
      16
      22
      13
      18
      16
      16
      16
      13
      21
      28
      23
      17
      17
      27
      17
      15
       8
      15
      13
      14
      12
      20
      21
      15
      13
      14
      13
      18
      18
      15
      21
      19
      14
      24
      24
      20
      24
      18
      12
      18
      21
      21
      14
      18
      17
      23
      14
      17
      18
      17
      18
      12
      17
      22
      12
      18
      16
      34
      12
      31
       8
      17
      30
      17
      18
      25
      19
      11
      16
      16
      17
      17
      20
      20
      19
      18
      22
      16
      16
      16
      21
      22
      19
      17
      20
      23
      26
      14
      21
      18
      19
      15
      18
      12
      25
      16
      18
      20
      15
      13
      13
      15
      18
      14
      22
      19
      23
      20
      23
      22
      18
      21
      17
      18
      11
      27
      21
      26
      17
      21
      29
      21
      22
      17
      17
      20
      16
      24
      20
      18
      27
      19
      24
      22
      21
      27
      21
      21
      14
      18
      15
      16
      20
      20
      15
      20
      26
      26
      22
      28
      26
      16
      19
       7
      16
      25
      24
      23
      15
      20
      24
      14
      20
      15
      19
      19
      30
      26
      18
      26
      23
      17
      15
      20
      21
      13
      16
      18
      22
      16
      20
      18
      14
      15
      16
      26
      16
      13
      10
      19
      18
      15
      17
      17
      20
      17
      20
      22
      23
      15
      25
      25
      24
      20
      27
      27
      20
      14
      16
      19
      18
      34
      26
      21
      34
      18
      24
      28
      31
      28
      42
      44
      52
      47
      32
      26
      33
      32
      27
      24
      17
      25
      24
      19
      20
      20
      14
      15
      16
      14
      23
      17
      18
      13
      16
      20
      18
       9
      17
      11
      22
      10
      20
      17
      20
      11
      15
      18
      21
      18
      20
      19
      11
      13
      22
      18
       9
      16
      20
      10
      11
      14
      21
      15
      18
      14
      15
      14
       9
       8
      17
      17
      16
      13
      15
      19
      17
      15
      17
       7
      16
      18
      21
      13
      14
      11
      12
      16
      11
      12
      10
      10
      20
       7
      15
      13
      11
      17
      17
      16
      17
      15
      20
      14
      10
      17
      10
      14
      14
      24
      14
      19
      16
      11
      20
       8
      13
      13
      13
      15
      14
      11
       7
      18
      15
       7
      15
      12
      12
      11
      15
      14
      16
       7
      10
      15
      17
      21
      11
      11
      10
      19
      12
      17
       9
      16
       8
      19
      11
      17
      17
      13
      11
      11
      14
       7
      18
      13
      13
      16
      18
      12
      12
      14
      18
      20
      13
      15
      14
      18
      18
      21
      13
      14
      19
      15
      13
      19
      17
      12
      10
      17
      15
      17
      11
      10
      14
       8
      12
       7
      14
       7
      21
      21
      18
      13
      22
      19
       8
      17
      14
      17
      11
      11
      13
      10
      13
      12
      13
       9
      15
      10
      17
      11
      10
      12
      12
       8
       9
       6
      14
       5
      18
      11
      11
       9
      10
       8
      17
      11
      13
      10
      14
       8
      13
      19
       8
      15
      10
      11
      12
      14
      12
      16
      16
      19
      25
      27
      38
      34
      21
      33
      47
      40
      41
      44
      28
      21
      21
      16
      13
      19
       9
       8
      20
       9
      20
       7
       9
      17
      13
      12
      12
      15
       5
      14
      14
       9
       4
      10
      12
      11
      11
       6
      10
      13
      12
      15
      10
      11
      14
      13
      12
      16
      10
      16
       9
      14
      11
      11
      11
      11
      14
      13
      10
       9
       9
      10
      11
      19
       9
      10
       9
       7
       6
      15
      15
       7
      10
       8
      13
      12
      14
       5
       9
      11
      12
       8
       8
      11
      13
      12
      13
      11
       6
       8
       8
       8
       9
       8
       4
      10
       7
      11
       9
      14
      10
      18
       8
       4
       8
      17
      17
       9
       8
      14
      15
       6
       9
      13
      12
      10
      11
       9
       8
       4
       7
       6
      11
       6
       7
      13
      11
       5
       6
      10
      11
      13
      13
       6
       8
       6
      14
       9
       7
      14
       8
      12
       9
       9
       7
       8
       8
       4
      11
      13
      12
       9
      13
      10
      14
       9
       7
      12
       9
      13
       9
      13
      11
       7
      11
      11
      16
      14
      16
      20
      20
      19
      16
      28
      20
      21
      19
      23
      14
      14
      12
      16
       7
      12
      13
       5
       3
      11
       7
       7
      11
       8
      10
      12
      12
      14
      13
       7
       7
       7
       9
       9
       8
      10
       5
      10
      10
      10
       5
       9
       9
       9
       6
      10
      12
      11
       9
      10
      10
       8
      11
       6
       8
      10
       6
      10
       9
      10
      10
       9
       7
      14
       7
       2
      11
       5
       8
       6
      10
       9
      10
       8
      12
       7
      12
       6
      10
       6
      10
       3
       7
       3
       5
       6
       4
       4
       6
       5
       9
       5
      14
      10
       7
       4
       7
       4
       9
       4
       4
       4
       9
       9
      11
       5
       4
       7
       7
       7
       4
      11
      10
      12
       5
       7
      11
      10
       3
       7
       8
      10
       9
       5
       1
       7
       7
       9
       8
       7
      10
       9
       9
       6
       7
       6
       6
       7
       7
       3
      10
      10
       6
       6
       5
      12
       8
       6
       8
       3
       5
       4
       7
       6
       5
       7
       4
       6
       8
      10
      11
       4
      11
       5
       5
       7
      10
       9
       8
       7
       6
       8
       8
       3
       6
       7
       7
      10
       6
       9
       5
       8
       7
       5
       9
       8
       5
       8
       5
       8
       9
       8
       9
      18
       5
      24
      27
      13
      20
      17
      15
      23
      28
      23
      18
      13
       9
      13
       7
      17
       6
      11
      10
       2
       3
       7
       3
      10
       6
      10
       5
       6
       9
       6
      11
       7
      12
       6
       8
       7
       7
       4
       9
       6
       8
      14
       7
       7
       6
       6
      10
      10
       8
       9
       5
       4
      11
       7
       5
       7
       8
       9
       9
       7
       5
       6
       4
       5
       8
       5
       9
      10
      11
       6
       4
       9
       4
      10
      12
       5
       3
       7
       8
       5
       7
       7
       6
       8
       7
       7
       4
       4
       9
      13
       5
       6
      10
       9
       7
       3
      11
       3
       2
      10
       9
       9
       3
      10
      13
      10
       7
       9
      11
      13
      10
      16
      10
      17
       6
       9
      10
       7
       6
       8
       9
       8
      11
      11
       3
      11
       6
       8
       9
       9
       8
       6
      12
      10
      10
      15
      20
      17
       9
       8
      16
      15
       6
      12
      12
       8
      12
      11
       8
       6
       8
       5
      10
       7
       3
       5
       5
       9
       6
       9
      10
      12
       4
       7
       6
       9
       6
      10
       5
       2
       4
       7
       5
       3
      10
      13
       5
       6
       8
       5
       7
       4
       8
       8
       9
      13
      11
       3
       4
       9
       3
       6
       6
       2
       8
       6
       7
      11
       3
       5
       8
       4
       5
       7
       9
       6
       6
       8
       2
       4
       7
       8
       8
       4
       4
       9
       4
       7
       5
       3
       6
       4
       6
       8
       6
       8
       4
       4
       4
       5
       8
       8
       5
       5
      11
       7
       5
       9
       7
       7
       6
       5
       6
       1
       8
       2
       3
      11
       7
       7
       5
       6
      10
       5
       4
       7
       5
       3
       8
       5
       5
       7
       5
      11
       8
       6
       7
       4
       6
       6
      10
      10
      10
       8
      11
       8
       8
       7
       5
       6
       7
       7
       6
       6
       4
       5
       7
       8
       8
       4
       7
       6
       5
      11
       8
       5
       5
       6
      11
       5
       5
       7
       9
       7
       5
       3
       6
      12
       9
      12
       6
       7
       4
      10
       5
      10
       5
       7
      11
       3
       6
       6
       7
       8
       2
       3
       8
       6
       5
       8
       4
       3
       6
       5
       4
       6
       4
       6
       8
       5
       7
       3
       6
       6
      11
       3
       3
       6
       5
       4
      14
      12
      17
      30
      38
      65
      92
     139
     166
     200
     329
     417
     547
     647
     723
     802
     822
     836
     756
     670
     520
     440
     325
     251
     153
      91
      47
      26
      17
      12
       7
       2
       4
       7
       8
       4
       5
       1
       7
       3
       0
       3
       5
       2
       6
       3
       2
       5
       5
       5
       5
       5
       4
       2
       4
       2
       2
       4
       7
       4
       5
       4
       2
       1
       4
       3
       1
       2
       5
       3
       2
       6
       4
       1
       3
       1
       4
       6
       2
       3
       3
       1
       2
       4
       4
       2
       4
       2
       3
       2
       7
       3
       3
       7
       0
       3
       6
       6
       2
       4
       3
       4
       5
       4
       4
       2
       1
       3
       3
       3
       3
       5
       3
       3
       6
       4
       1
       2
       2
       3
       4
       3
       4
       5
       5
       0
       3
       1
       1
       6
       1
       3
       6
       4
       2
       3
       3
       1
       2
       1
       2
       2
       3
       3
       5
       4
       2
       5
       4
       6
       1
       3
       4
       6
       2
       1
       5
       1
       4
       4
       7
       5
       4
       6
       5
       5
       8
       4
       5
       5
       4
       4
       4
       7
       2
       2
       1
       4
       3
       0
       5
       2
       2
       6
       2
       5
       1
       3
       4
       5
       4
       5
       1
       5
       2
       5
       6
       3
       9
       4
       2
       4
       3
       1
       2
       2
       4
       4
       3
       3
       7
       6
       3
       3
       3
       7
       3
       7
       8
       3
       9
      11
       7
      13
       7
      20
       7
      14
      12
      11
       6
       8
       8
      13
       6
       3
       5
       5
       4
       3
       4
       5
       6
       5
       7
       4
       1
       4
       3
       4
       4
       8
       1
       3
       2
       5
       2
       3
       3
       4
       4
       4
       3
       2
       6
       2
       1
       1
       9
       4
       0
       3
       5
       4
       1
       5
       3
       4
       2
       2
       2
       3
       2
       4
       4
       3
       1
       3
       3
       3
       3
       1
       3
       3
       2
       3
       4
      10
       4
       2
       0
       6
       3
       3
       5
       7
       8
       3
       4
       2
       5
       3
       3
       1
       1
       6
       0
       1
       1
       1
       5
       2
       4
       1
       3
       3
       4
       3
       5
       3
       2
       6
       2
       3
       3
       2
       4
       3
       2
       6
       1
       1
       9
       5
       3
       4
       3
       4
       4
       3
       7
       5
       9
       6
       2
       3
       3
       5
       3
       2
       3
       1
       2
       2
       5
       3
       3
       4
       1
       1
       4
       2
       2
       2
       2
       5
       6
       2
       3
       0
       3
       2
       0
       4
       1
       2
       1
       4
       4
       3
       4
       1
       7
       2
       1
       1
       1
       2
       3
       3
       2
       1
       3
       3
       0
       4
       4
       2
       2
       2
       2
       4
       2
       2
       1
       1
       2
       4
       2
       4
       1
       3
       2
       5
       1
       1
       2
       3
       4
       3
       4
       1
       1
       1
       1
       4
       2
       3
       3
       5
       3
       1
       3
       2
       2
       2
       6
       1
       2
       1
       2
       1
       1
       1
       3
       4
       3
       6
       3
       1
       4
       5
       3
       1
       1
       4
       3
       3
       4
       2
       2
       3
       6
       4
       3
       0
       4
       3
       1
       2
       2
       1
       1
       3
       1
       3
       1
       2
       1
       6
       4
       3
       3
       2
       2
       1
       1
       3
       3
       5
       1
       3
       2
       3
       1
       4
       4
       2
       4
       2
       4
       2
       5
       2
       1
       1
       4
       3
       1
       3
       5
       6
       2
       3
       2
       3
       4
       4
       6
       4
       1
       6
       8
       3
       2
       3
       4
       2
       8
       4
       5
       2
       3
       5
       5
       9
       5
       5
       5
       4
       5
       4
       3
       4
       4
       4
       2
       4
       2
       7
       3
      11
       4
      10
       9
      11
       8
       9
       9
       7
       7
       6
       6
       9
       4
       5
       3
       4
       4
       4
       4
       4
       2
       5
       9
       5
       1
       6
       5
       5
       6
       2
       8
       5
       3
       5
       3
       1
       1
       2
       3
       2
       1
       3
       2
       4
       6
       4
       1
       2
       6
       2
       3
       3
       4
       4
       2
       3
       2
       3
       5
       3
       2
       3
       7
       3
       2
       6
       1
       4
       3
       0
       5
       1
       0
       5
       5
       1
       2
       2
       2
       3
       0
       2
       2
       2
       2
       1
       3
       2
       5
       1
       4
       2
       0
       1
       2
       2
       0
       3
       1
       5
       2
       3
       4
       4
       4
       3
       4
       1
       2
       4
       4
       5
       2
       3
       3
       2
       0
       4
       1
       3
       3
       0
       1
       0
       0
       4
       2
       4
       4
       2
       3
       0
       2
       2
       1
       1
       4
       3
       4
       4
       3
       2
       5
       5
       2
       6
      12
       8
       7
       6
       4
       7
       1
       0
       3
       4
       3
       1
       4
       3
       2
       2
       3
       1
       1
       2
       6
       1
       2
       2
       0
       0
       4
       1
       5
       3
       0
       5
       5
       2
       2
       2
       4
       8
       4
       7
       4
       9
      11
       6
       5
       1
       3
       0
       3
       3
       2
       4
       1
       3
       5
       3
       1
       4
       2
       3
       1
       1
       1
       1
       1
       3
       6
       5
       1
       2
       2
       1
       1
       4
       4
       4
       4
       7
       2
       2
       4
       2
       2
       3
       3
       1
       1
       3
       1
       3
       1
       2
       3
       3
       3
       3
       4
       5
       3
       1
       3
       0
       2
       0
       1
       1
       0
       3
       4
       2
       1
       2
       2
       3
       4
       5
       2
       1
       4
       2
       2
       2
       5
       1
       4
       6
       2
       5
       0
       1
       2
       2
       4
       1
       4
       4
       4
       2
       1
       1
       1
       5
       2
       4
       5
       1
       4
       2
       1
       2
       4
       5
       2
       5
       1
       2
       2
       3
       2
       2
       1
       1
       0
       3
       2
       5
       1
       2
       3
       7
       4
       5
       5
       5
      11
       8
      11
       4
       7
       4
       1
       3
       1
      10
       4
       1
       1
       7
       1
       0
       0
       2
       4
       1
       2
       1
       2
       3
       1
       0
       2
       1
       4
       3
       5
       2
       1
       0
       1
       2
       2
       6
       3
       1
       0
       0
       4
       2
       2
       1
       1
       1
       2
       0
       4
       3
       2
       0
       2
       3
       1
       1
       2
       4
       1
       5
       0
       1
       2
       1
       3
       2
       6
       4
       2
       2
       2
       1
       4
       4
       3
       2
       2
       4
       2
       1
       3
       0
       1
       2
       3
       4
       0
       3
       0
       2
       1
       1
       3
       1
       4
       2
       3
       3
       1
       6
       3
       1
       4
       0
       2
       5
       3
       1
       3
       2
       2
       2
       4
       4
       1
       1
       3
       1
       1
       2
       4
       4
       1
       3
       2
       1
       0
       4
       1
       6
       4
       3
       3
       2
       2
       4
       3
       0
       5
       4
       1
       3
       3
       5
       2
       2
       2
       1
       4
       3
       1
       3
       1
       3
       2
       3
       1
       4
       1
       3
       0
       3
       0
       3
       2
       1
       0
       1
       0
       1
       2
       3
       2
       3
       2
       3
       3
       2
       2
       3
       1
       1
       2
       2
       1
       4
       2
       0
       1
       1
       2
       1
       1
       1
       3
       1
       0
       1
       0
       0
       4
       0
       0
       0
       1
       3
       0
       0
       1
       1
       0
       3
       1
       1
       2
       3
       4
       3
       1
       1
       1
       1
       7
       1
       1
       1
       2
       4
       1
       2
       5
       3
       3
       0
       1
       3
       0
       1
       2
       1
       2
       4
       2
       1
       0
       2
       2
       0
       3
       3
       0
       1
       0
       1
       2
       3
       2
       1
       0
       1
       3
       0
       1
       1
       1
       3
       5
       0
       3
       3
       1
       1
       5
       0
       5
       2
       0
       3
       1
       1
       0
       3
       0
       4
       4
       6
       6
      10
       5
       9
      12
      14
      17
      13
      15
       8
      13
       8
       5
       4
       3
       3
       5
       2
       2
       2
       1
       1
       0
       4
       3
       3
       3
       0
       1
       4
       3
       1
       3
       1
       4
       4
       1
       3
       1
       1
       0
       3
       1
       4
       2
       0
       2
       2
       1
       2
       2
       3
       4
       2
       2
       2
       3
       1
       4
       7
       0
       2
       3
       3
       2
       2
       2
       3
       0
       2
       1
       1
       2
       2
       0
       5
       3
       1
       0
       0
       2
       1
       1
       0
       3
       2
       1
       0
       2
       2
       4
       1
       0
       2
       3
       2
       0
       3
       2
       3
       1
       4
       2
       1
       3
       3
       5
       1
       3
       1
       2
       2
       1
       0
       1
       0
       3
       0
       2
       0
       1
       2
       1
       2
       0
       4
       1
       1
       0
       0
       1
       0
       2
       1
       3
       2
       1
       1
       1
       0
       2
       2
       3
       1
       1
       6
       8
      15
      10
      16
      16
      19
      33
      33
      42
      40
      40
      48
      47
      51
      41
      41
      33
      23
      19
      17
      17
       6
       5
       0
       3
       3
       0
       0
       1
       0
       2
       0
       2
       2
       0
       1
       0
       2
       2
       2
       0
       1
       1
       1
       2
       1
       3
       1
       2
       4
       1
       1
       1
       4
       0
       3
       2
       1
       2
       2
       2
       1
       1
       4
       3
       3
       2
       0
       0
       3
       3
       1
       0
       0
       0
       3
       2
       0
       1
       5
       0
       2
       0
       0
       1
       0
       1
       2
       1
       3
       0
       2
       3
       2
       0
       2
       3
       1
       4
       0
       0
       0
       1
       2
       3
       2
       4
       2
       4
       1
       1
       3
       2
       1
       1
       0
       2
       1
       1
       2
       0
       4
       1
       1
       0
       0
       0
       0
       2
       0
       4
       1
       1
       3
       0
       1
       1
       2
       1
       1
       2
       0
       0
       2
       1
       0
       5
       4
       3
       1
       2
       2
       1
       2
       1
       4
       2
       2
       2
       3
       1
       1
       2
       2
       2
       1
       3
       4
       1
       2
       3
       0
       1
       1
       3
       3
       2
       1
       0
       2
       2
       2
       3
       3
       1
       4
       1
       2
       0
       1
       1
       3
       1
       5
       0
       1
       3
       1
       2
       2
       0
       3
       2
       3
       0
       2
       1
       0
       0
       0
       1
       0
       2
       4
       4
       1
       2
       2
       0
       1
       4
       2
       2
       0
       1
       2
       3
       4
       3
       2
       0
       2
       0
       2
       0
       2
       1
       2
       1
       1
       1
       1
       1
       0
       5
       2
       1
       3
       2
       0
       1
       2
       0
       1
       0
       2
       1
       1
       2
       1
       2
       2
       0
       0
       3
       2
       5
       3
       4
       5
       3
       2
       2
       0
       2
       0
       1
       2
       1
       1
       2
       2
       2
       0
       2
       1
       2
       0
       2
       3
       2
       1
       0
       0
       1
       3
       4
       1
       1
       4
       2
       1
       0
       3
       2
       0
       1
       0
       5
       1
       0
       2
       2
       4
       3
       2
       3
       3
       1
       5
       2
       2
       3
       2
       1
       4
       0
       3
       4
       1
       5
       3
       1
       3
       2
       1
       0
       1
       0
       2
       3
       0
       0
       0
       1
       2
       1
       2
       2
       1
       0
       3
       6
       1
       3
       1
       5
       2
       3
       2
       4
       6
       4
       6
       5
       7
       5
       6
       4
      10
       8
       8
       7
       4
       2
       4
       1
       1
       3
       2
       2
       1
       2
       1
       1
       3
       2
       2
       1
       2
       1
       0
       1
       0
       3
       1
       3
       0
       0
       0
       2
       1
       2
       0
       0
       1
       2
       3
       2
       1
       2
       0
       1
       4
       2
       3
       1
       1
       1
       5
       1
       5
       3
       2
       1
       1
       0
       5
       1
       1
       2
       1
       1
       3
       4
       0
       2
       6
       3
       2
       5
       2
       1
       1
       2
       0
       1
       2
       2
       2
       2
       4
       2
       0
       0
       0
       2
       0
       0
       0
       0
       0
       0
       0
       0
       0
       0
       0
       0
       0
       0
       0
       0
       0
       0
       0
       0
       0
       0
       0
       0
       0
       0
       0
       0
       0
       0
       0
       0
       0
       0
       0
       0
       0
       0
       0
       0
       0
       0
       0
       0
       0
       0
       0
       0
       0
       0
       0
       0
       0
       0
       0
       0
       0
       0
       0
       0
       0
       0
       0
       0
       0
       0
       0
       0
       0
       0
       0
       0
       0
       0
       0
       0
       0
       0
       0
       0
       0
       0
       0
       0
       0
       0
       0
       0
       0
       0
       0
       0
       0
       0
       0
       0
       0
       0
       0
       0
       0
       0
       0
       0
       0
       0
       0
       0
       0
       0
       0
       0
       0
       0
       0
       0
       0
       0
       0
       0
       0
       0
       0
       0
       0
       0
       0
       0
$ROI:
1
6231 6419
$PRESETS:
Live Time
5400
0
$ENER_FIT:
0.000000 0.231538
$MCA_CAL:
3
0.000000E+000 2.315376E-001 0.000000E+000 keV
$SHAPE_CAL:
3
1.035860E+001 0.000000E+000 0.000000E+000
