$SPEC_ID:
No sample description was entered.
$SPEC_REM:
DET# 1
DETDESC# NOISEPC Easy-MCA-8k SN 12310217
AP# Maestro Version 7.01
$DATE_MEA:
06/16/2022 16:37:18
$MEAS_TIM:
180 243
$DATA:
0 8191
       0
       0
       0
       0
       0
       0
       0
       0
       0
       0
       0
       0
       0
       0
       0
       0
       0
       0
       0
       0
       0
       0
       0
       0
       0
       0
       0
       0
       0
       0
       0
       0
       0
       0
       0
       0
       0
       0
       0
       0
       0
       0
       0
       0
       0
       0
       0
       0
       0
       0
       0
       0
       0
       0
       0
       0
       0
       0
       0
       5
       3
       1
       0
       1
       0
       0
       0
       0
       0
       0
       0
       0
       5
       5
      21
      46
      83
     124
     170
     252
     276
     313
     359
     395
     416
     408
     415
     389
     415
     426
     412
     387
     381
     408
     417
     418
     378
     370
     422
     393
     416
     404
     360
     391
     360
     363
     399
     396
     394
     370
     358
     347
     385
     392
     342
     349
     362
     354
     357
     358
     348
     400
     372
     358
     359
     360
     365
     330
     339
     373
     364
     360
     365
     334
     330
     313
     349
     345
     340
     329
     368
     336
     321
     372
     312
     340
     300
     315
     328
     339
     332
     321
     336
     340
     342
     317
     356
     338
     314
     318
     312
     319
     337
     343
     292
     316
     299
     348
     318
     307
     319
     293
     312
     311
     295
     315
     323
     321
     343
     337
     310
     305
     329
     289
     319
     287
     310
     321
     309
     302
     320
     302
     290
     323
     314
     333
     299
     277
     313
     307
     291
     291
     303
     303
     342
     323
     315
     306
     328
     314
     320
     282
     321
     332
     289
     312
     296
     273
     318
     301
     286
     322
     335
     308
     354
     351
     339
     325
     302
     306
     328
     296
     317
     285
     310
     311
     271
     326
     292
     295
     285
     279
     281
     294
     289
     314
     301
     321
     285
     323
     293
     324
     313
     329
     305
     335
     321
     335
     314
     337
     315
     318
     336
     356
     302
     362
     326
     338
     354
     372
     336
     358
     320
     301
     326
     327
     351
     306
     303
     310
     319
     358
     315
     324
     325
     340
     337
     319
     360
     313
     318
     336
     287
     266
     329
     324
     306
     328
     326
     303
     308
     329
     318
     318
     320
     333
     290
     340
     314
     347
     363
     349
     343
     325
     337
     343
     363
     328
     361
     355
     355
     389
     404
     385
     382
     399
     395
     415
     424
     402
     436
     450
     455
     456
     472
     490
     610
     785
     911
    1145
    1345
    1719
    2411
    3595
    5488
    7008
    7730
    7265
    5646
    3723
    2056
    1048
     633
     463
     337
     343
     302
     288
     270
     284
     279
     271
     277
     282
     281
     282
     244
     238
     248
     272
     260
     245
     252
     263
     247
     240
     239
     237
     235
     280
     240
     237
     213
     252
     270
     248
     238
     263
     263
     249
     241
     264
     250
     250
     235
     234
     253
     233
     276
     273
     219
     268
     257
     258
     229
     243
     264
     221
     277
     244
     259
     290
     266
     239
     260
     245
     258
     267
     237
     259
     271
     224
     264
     248
     251
     202
     242
     266
     234
     269
     291
     259
     275
     239
     254
     261
     244
     263
     250
     216
     268
     257
     262
     267
     264
     271
     268
     273
     271
     262
     278
     277
     240
     253
     275
     278
     263
     274
     280
     279
     255
     269
     265
     250
     260
     274
     260
     275
     279
     257
     252
     248
     276
     249
     289
     296
     284
     269
     283
     260
     269
     250
     265
     240
     268
     251
     269
     255
     279
     230
     261
     286
     258
     277
     284
     280
     258
     267
     275
     278
     275
     290
     259
     261
     285
     291
     284
     267
     281
     293
     275
     263
     282
     270
     284
     245
     296
     311
     285
     258
     272
     258
     286
     295
     299
     314
     312
     283
     282
     291
     292
     312
     294
     303
     295
     290
     301
     303
     284
     298
     281
     294
     307
     283
     306
     336
     278
     282
     284
     293
     309
     290
     307
     287
     287
     302
     299
     280
     283
     286
     308
     299
     315
     315
     308
     301
     355
     327
     310
     304
     299
     300
     277
     338
     311
     296
     330
     353
     355
     298
     314
     345
     339
     328
     351
     354
     363
     363
     349
     340
     342
     350
     341
     365
     376
     363
     366
     361
     361
     384
     371
     358
     388
     375
     388
     345
     387
     390
     368
     364
     376
     386
     388
     351
     405
     375
     385
     397
     397
     369
     336
     393
     389
     373
     372
     368
     375
     419
     417
     349
     373
     380
     347
     392
     429
     409
     434
     436
     429
     404
     450
     446
     443
     443
     459
     486
     460
     451
     469
     476
     470
     467
     466
     456
     465
     446
     448
     450
     483
     471
     444
     489
     454
     441
     470
     483
     519
     464
     464
     445
     462
     453
     445
     460
     477
     449
     456
     415
     448
     440
     417
     447
     437
     453
     466
     509
     550
     580
     650
     760
     812
     712
     685
     605
     553
     497
     481
     394
     437
     445
     416
     417
     409
     425
     422
     407
     390
     439
     418
     385
     373
     418
     407
     406
     407
     365
     406
     400
     361
     395
     354
     378
     364
     320
     370
     366
     339
     352
     363
     374
     340
     370
     377
     434
     382
     357
     353
     394
     348
     391
     356
     381
     350
     358
     387
     370
     363
     337
     354
     361
     344
     335
     315
     365
     383
     337
     371
     366
     337
     368
     350
     356
     323
     338
     347
     334
     321
     338
     336
     359
     353
     341
     323
     324
     316
     373
     356
     320
     326
     361
     359
     295
     353
     306
     330
     383
     356
     340
     354
     314
     345
     328
     322
     350
     344
     335
     313
     329
     337
     321
     335
     355
     306
     325
     338
     343
     362
     356
     307
     309
     336
     330
     374
     330
     368
     320
     365
     326
     337
     366
     322
     326
     347
     319
     358
     347
     351
     375
     333
     320
     351
     327
     326
     334
     300
     330
     364
     346
     358
     297
     354
     385
     326
     338
     328
     357
     344
     327
     392
     368
     346
     335
     334
     349
     315
     334
     341
     363
     328
     309
     342
     332
     360
     361
     359
     325
     347
     338
     324
     329
     348
     336
     311
     333
     336
     343
     338
     366
     344
     303
     351
     298
     329
     313
     327
     305
     313
     352
     328
     319
     271
     297
     283
     320
     305
     293
     298
     300
     252
     284
     273
     272
     285
     275
     260
     279
     240
     280
     271
     277
     266
     272
     256
     223
     265
     255
     256
     254
     239
     237
     258
     235
     220
     238
     247
     216
     239
     211
     223
     215
     249
     252
     227
     230
     229
     244
     233
     207
     224
     221
     235
     229
     239
     196
     223
     238
     193
     227
     198
     244
     235
     242
     226
     212
     207
     224
     269
     293
     342
     377
     446
     408
     398
     357
     296
     284
     263
     223
     197
     214
     246
     199
     220
     203
     212
     224
     245
     238
     206
     223
     194
     207
     190
     211
     197
     206
     222
     197
     217
     192
     192
     190
     189
     176
     200
     167
     194
     211
     203
     188
     205
     180
     197
     178
     161
     178
     164
     170
     191
     182
     204
     196
     196
     155
     200
     194
     186
     172
     200
     181
     191
     190
     167
     171
     219
     187
     210
     227
     198
     184
     164
     188
     163
     162
     174
     200
     180
     166
     206
     175
     178
     167
     156
     176
     174
     171
     187
     195
     170
     184
     151
     169
     178
     171
     158
     162
     171
     175
     166
     175
     145
     162
     176
     150
     159
     128
     165
     174
     160
     162
     167
     157
     139
     162
     153
     178
     191
     174
     157
     157
     175
     173
     148
     162
     148
     177
     145
     166
     165
     154
     154
     151
     165
     162
     176
     162
     159
     161
     169
     174
     157
     156
     167
     166
     174
     174
     141
     144
     164
     150
     149
     146
     160
     159
     137
     156
     161
     178
     161
     155
     146
     182
     158
     127
     177
     144
     183
     160
     164
     157
     130
     162
     138
     159
     160
     149
     139
     165
     129
     165
     162
     157
     143
     156
     159
     157
     164
     135
     160
     191
     153
     152
     145
     177
     135
     150
     140
     150
     179
     159
     144
     154
     150
     152
     150
     141
     138
     140
     141
     167
     147
     153
     173
     153
     139
     157
     165
     153
     149
     153
     178
     192
     201
     285
     357
     577
     942
    1542
    2195
    2771
    3106
    2997
    2576
    1981
    1271
     783
     486
     286
     229
     166
     177
     163
     151
     146
     156
     154
     159
     174
     167
     152
     156
     173
     153
     180
     143
     162
     142
     161
     164
     126
     139
     168
     131
     171
     151
     127
     145
     142
     148
     136
     149
     138
     165
     142
     144
     150
     138
     147
     152
     143
     160
     159
     163
     131
     137
     149
     119
     145
     159
     140
     154
     135
     147
     137
     158
     136
     160
     142
     166
     135
     141
     160
     142
     158
     143
     131
     163
     130
     133
     142
     144
     152
     134
     149
     137
     172
     157
     129
     152
     152
     144
     156
     139
     153
     181
     131
     142
     156
     137
     162
     147
     156
     151
     165
     173
     189
     271
     359
     573
     995
    1784
    3039
    4574
    6175
    7162
    7186
    6570
    5109
    3441
    2097
    1164
     620
     378
     260
     206
     227
     146
     203
     167
     144
     124
     156
     156
     164
     126
     144
     165
     141
     139
     129
     159
     152
     135
     157
     137
     140
     150
     132
     131
     151
     136
     141
     129
     124
     167
     121
     134
     147
     140
     136
     138
     147
     124
     134
     115
     138
     146
     122
     107
     130
     135
     130
     125
     138
     126
     128
     139
     138
     128
     131
     121
     142
     137
     121
     120
     117
     130
     146
     137
     126
     147
     119
     134
     138
     145
     127
     119
     125
     103
     149
     126
     126
     134
     129
     134
     128
     134
     115
     143
     119
     121
     106
     133
     126
     119
     119
     120
     117
     126
     101
     135
     143
     137
     120
     116
     128
     107
     132
     120
     123
     127
     111
     119
     130
     132
     135
     130
     106
     133
     117
     116
     125
     124
     115
     112
     119
     119
     134
     125
     131
      99
     124
     129
     136
     115
     113
     134
     110
     123
     131
     100
     140
     137
     136
     120
     134
     132
     118
     112
     133
     134
     125
     139
     104
     118
     146
     123
     129
     118
     133
     114
     143
     113
     122
     116
     130
     129
     121
     133
     121
     109
     135
     116
     139
     129
     127
     114
     122
     127
     139
     121
     150
     107
     140
     133
     128
     120
     133
     135
     122
     126
     137
     116
     133
     127
     126
     106
     135
     130
     130
     120
     138
     122
     126
     145
     153
     129
     142
     152
     123
     156
     160
     191
     224
     286
     343
     654
    1133
    2008
    3706
    6680
   10523
   15127
   19305
   21220
   20904
   17779
   13273
    8764
    5100
    2718
    1396
     746
     437
     328
     262
     256
     211
     191
     169
     181
     164
     191
     189
     155
     169
     172
     150
     156
     156
     138
     159
     135
     147
     140
     131
     142
     133
     155
     137
     142
     130
     119
     145
     115
     128
     124
     125
     145
     132
     104
     117
     110
     112
      89
     132
     112
     112
      98
     112
     114
      97
      86
     111
     124
     105
     123
     106
      95
      85
     102
      99
     101
     102
     102
      76
      87
     116
      97
      88
      82
     102
      88
      91
      86
      98
      91
      95
     101
      97
     101
      96
      86
      85
      87
     102
      90
      87
      80
     107
      75
      91
      95
      90
      97
      86
      89
      88
      87
      85
      94
      80
      82
      92
     103
     123
     152
     172
     299
     545
     880
    1401
    2001
    2612
    2999
    2982
    2657
    2054
    1424
     958
     516
     282
     193
     125
     111
      92
      96
      74
      72
      97
      72
      83
      84
      96
      80
      90
      79
      81
      96
      65
      76
      89
      68
      85
      67
      74
      79
      74
      80
      77
      91
      71
      69
      68
      72
      72
      80
      72
      83
      62
      60
      83
      64
      82
      68
      64
      61
      65
      55
      57
      68
      64
      80
      65
      59
      61
      63
      59
      68
      67
      72
      66
      65
      70
      67
      66
      71
      62
      62
      60
      72
      47
      58
      65
      72
      72
      52
      62
      62
      69
      55
      63
      53
      67
      68
      62
      68
      55
      63
      69
      59
      63
      62
      65
      49
      56
      51
      54
      64
      75
      64
      54
      51
      53
      69
      62
      59
      53
      61
      52
      60
      55
      55
      64
      40
      56
      65
      58
      73
      58
      50
      58
      56
      73
      60
      57
      58
      43
      52
      54
      54
      74
      56
      46
      53
      47
      49
      52
      57
      47
      47
      56
      65
      63
      60
      53
      67
      55
      42
      61
      54
      57
      56
      60
      52
      49
      55
      48
      54
      44
      55
      57
      42
      63
      56
      66
      60
      50
      46
      50
      54
      45
      62
      54
      45
      62
      61
      57
      51
      51
      52
      53
      55
      60
      72
      50
      47
      55
      45
      49
      49
      60
      52
      52
      43
      56
      52
      50
      57
      66
      42
      60
      45
      43
      58
      45
      56
      55
      53
      48
      56
      59
      51
      69
      70
      52
      61
      68
      58
      67
      92
      94
     104
     111
     111
     104
      96
      72
      77
      60
      41
      44
      38
      38
      46
      39
      24
      51
      52
      45
      32
      40
      33
      37
      33
      38
      42
      48
      40
      33
      39
      47
      39
      42
      38
      46
      29
      44
      35
      38
      50
      37
      37
      30
      40
      46
      52
      54
      30
      29
      46
      39
      35
      34
      46
      40
      34
      39
      37
      34
      43
      39
      36
      37
      30
      32
      46
      34
      30
      37
      28
      47
      37
      30
      33
      39
      38
      34
      38
      47
      44
      39
      34
      41
      34
      35
      37
      33
      40
      30
      36
      36
      34
      40
      29
      41
      34
      44
      36
      35
      34
      35
      46
      44
      41
      37
      34
      34
      36
      31
      32
      34
      27
      27
      35
      38
      43
      42
      45
      28
      46
      45
      38
      41
      37
      31
      34
      30
      38
      33
      44
      39
      47
      32
      22
      33
      26
      32
      30
      24
      38
      40
      31
      36
      27
      30
      23
      35
      42
      29
      38
      26
      27
      42
      38
      30
      28
      36
      31
      24
      30
      37
      23
      28
      38
      28
      33
      32
      40
      32
      26
      29
      32
      26
      42
      29
      37
      43
      28
      21
      26
      25
      31
      35
      36
      33
      35
      26
      34
      36
      32
      28
      27
      32
      27
      21
      30
      24
      34
      25
      21
      27
      31
      29
      38
      30
      28
      32
      33
      26
      38
      34
      34
      34
      41
      32
      33
      25
      31
      22
      32
      30
      40
      28
      26
      23
      28
      19
      36
      34
      25
      29
      27
      29
      24
      24
      30
      27
      26
      30
      43
      27
      32
      28
      29
      28
      31
      21
      36
      30
      32
      24
      32
      23
      30
      26
      25
      29
      27
      29
      26
      29
      32
      31
      29
      24
      16
      31
      27
      20
      36
      42
      20
      20
      20
      25
      37
      24
      20
      30
      22
      30
      27
      36
      26
      28
      19
      28
      33
      28
      25
      21
      42
      27
      22
      26
      32
      34
      27
      24
      27
      35
      35
      28
      26
      33
      32
      26
      27
      28
      31
      25
      29
      20
      28
      27
      27
      24
      29
      34
      28
      28
      33
      40
      33
      37
      32
      35
      38
      34
      27
      29
      26
      25
      27
      33
      20
      23
      29
      27
      25
      27
      18
      22
      27
      23
      19
      24
      34
      22
      32
      26
      31
      27
      30
      26
      18
      21
      33
      23
      17
      20
      29
      30
      24
      25
      28
      21
      17
      17
      32
      19
      19
      20
      20
      26
      21
      20
      33
      16
      25
      25
      23
      13
      28
      25
      26
      20
      17
      30
      22
      17
      23
      19
      28
      27
      16
      23
      28
      19
      19
      18
      21
      24
      18
      24
      22
      17
      27
      23
      19
      23
      22
      20
      15
      21
      28
      13
      19
      19
      31
      28
      21
      21
      16
      18
      20
      18
      30
      16
      33
      16
      20
      26
      34
      26
      17
      18
      28
      17
      22
      20
      18
      25
      14
      20
      16
      14
      20
      19
      24
      29
      24
      20
      16
      22
      14
      15
      21
      24
      24
      26
      20
      17
      19
      23
      23
      21
      18
      31
      16
      17
      20
      17
      20
      12
      25
      18
      26
      13
      16
      16
      22
      20
      27
      15
      26
      18
      22
      11
      17
      21
      20
      16
      21
      20
      19
      24
      12
      19
      18
      11
      17
      21
      14
      24
      18
      16
      24
      11
      23
      14
      26
      18
      17
      15
      16
      11
      16
      20
      27
      17
      20
      17
      21
      13
       8
      19
      21
      17
      22
      23
      20
      17
      11
      16
      23
      25
      11
      19
      19
      17
      14
      18
      21
      22
      11
      17
       7
      19
      18
      23
      15
      14
      14
      17
      16
      18
      15
      19
      28
      20
      20
      18
      16
      27
      16
      18
      20
      22
      16
      21
      22
      11
      14
      18
      18
      13
      24
      14
      21
      14
      19
      10
      22
      13
      15
      20
      18
      17
      19
      14
      12
      22
      21
      12
      33
      21
      16
      16
      13
      13
      14
      19
      17
      14
      25
      17
      20
      13
      13
      19
      12
      21
      20
      16
      22
      14
      13
      17
      19
      18
      20
      21
      24
      17
      11
      14
      12
      20
      11
      11
      25
      18
      15
      18
      18
      22
      16
      16
      16
      15
       9
      19
      11
      12
      16
      19
      25
      14
      15
      15
      13
      17
      15
      19
      17
      20
      11
       9
      15
      18
      12
      15
      14
      17
      14
      12
      10
      15
      12
      17
      13
      21
      18
      17
      18
      12
      17
      18
      11
      21
      21
      11
      21
      21
      23
      13
      10
      14
      18
       9
      11
      17
      12
      10
      16
      13
      14
      14
      17
      11
      11
      16
      15
      16
      18
      13
      14
      12
      14
      19
      16
      17
      16
      14
      16
      19
      15
      17
      19
       8
      19
      15
      16
      15
      20
      17
      16
      12
      16
      19
      19
      15
      24
      21
      13
      14
      15
      20
      17
      15
      21
      14
      18
      19
      17
      19
      13
      24
      28
      32
      16
       9
      18
      13
      21
      12
      13
      17
      11
       8
      13
      17
      20
      11
      14
      24
      12
      12
      13
      10
      19
      16
      14
      15
      16
      11
      10
      16
      21
      18
      11
      10
       9
      17
      11
      21
      10
       8
      12
      16
      17
      17
      17
      11
      17
      14
      14
      20
      11
      10
      13
      11
      11
      11
       8
      20
      21
      17
      19
      14
       9
      17
      14
      17
      20
      22
      17
      18
      15
      17
      12
      21
      11
       7
      15
      12
      17
      12
      27
       7
      12
      17
      15
       8
      17
      12
      19
      17
      15
      13
      23
      22
      18
      20
      18
      13
      16
      20
      11
      26
      14
      16
      10
      16
      13
      10
      14
      16
      12
      11
      11
      12
      17
      15
       9
      10
       9
      14
      13
      17
      11
       9
      10
      14
      17
      10
      16
      11
      10
      14
      18
      12
      10
      10
      16
      14
      13
      16
      14
      18
      18
      12
       9
      15
      12
      15
      17
       9
      15
      16
      18
      15
      15
      17
      11
      13
      17
       8
      13
      10
      12
      12
      12
      12
      13
      18
      15
      11
      11
      17
      11
      16
      16
      16
      18
      25
      11
      14
      18
      17
      14
      10
      17
      15
      12
      15
      14
      21
      15
      23
      15
      13
      14
      16
      21
       9
      21
      10
       7
      12
      26
      22
      22
      22
      18
      22
      31
      35
      34
      21
      14
      21
      15
      11
      19
      11
      11
       6
      14
       9
       8
       9
      12
      13
      11
       4
      12
       8
       8
      13
       6
       9
       5
       9
       5
       8
      10
      11
       8
       8
      10
       9
       9
       5
      12
       7
      19
       5
       8
       5
       8
      10
       8
       8
       9
      12
      10
      11
      11
       6
       5
      10
       7
       9
       7
      12
       5
      11
      10
       6
      15
       9
      12
      12
       6
       5
       6
      14
      15
       6
      14
       8
       5
      11
       7
       9
       8
      12
       9
      14
       8
       7
      10
       9
       6
      10
      12
       7
      15
       7
      16
      10
       8
      10
       9
       7
      16
      12
       9
      17
      12
       8
       9
      23
       7
      13
       4
       7
       6
       9
       6
       8
       6
      11
       6
       9
      16
      10
      16
       8
      11
       9
      18
      12
      13
      11
       5
      13
      10
      12
       9
       8
       6
       9
      10
      11
      12
       9
      10
       9
      17
      10
      14
      18
       7
       5
      10
       7
       9
      10
       8
      12
      11
      11
       7
       8
       7
      11
      19
       4
       7
      18
      13
      12
       5
       7
      11
       9
       9
      16
      10
      11
      11
       6
       9
       7
       4
      11
      10
       8
       7
      11
      12
      15
       7
      11
      11
      15
       9
      13
      15
      18
      12
      12
       7
       9
      12
      13
      12
      13
      20
       9
      12
      13
      14
      17
      12
       9
      18
      18
      13
      12
      18
      15
      14
      15
      17
      19
      14
      22
      15
      19
      15
      22
      23
      24
      18
      23
      30
      26
      19
      18
      20
       8
       5
      10
       7
       3
       6
       4
       8
       8
       5
       9
       4
       5
       2
       4
       3
       8
       4
       7
       5
       1
       7
       4
       6
       3
       6
       9
       6
       7
       7
       6
       5
       3
       2
       4
       2
       7
       3
       3
       4
       1
       3
       3
       5
       7
       2
       5
       3
       2
       3
       4
       2
       4
       6
       5
       7
       4
       2
       3
       1
       3
       6
      11
       4
       2
       4
       8
       2
       4
       3
       3
       5
       7
       4
       7
       1
       5
       2
       6
       5
       8
       3
       3
       6
       5
       1
       7
       2
       3
       6
       5
       7
       6
       2
       5
       4
       3
       3
       7
       5
       7
       9
       8
       5
      10
       9
       9
       8
       6
      11
       8
      11
       6
      11
       7
      13
       9
       5
       9
       5
       4
       1
       2
       3
       6
       2
       3
       2
       2
       0
       1
       2
       3
       3
       4
       3
       1
       3
       1
       0
       3
       2
       4
       3
       1
       3
       0
       3
       3
       0
       1
       2
       5
       3
       0
       3
       2
       1
       3
       5
       2
       2
       2
       2
       2
       2
       2
       4
       0
       0
       1
       3
       1
       3
       9
       2
       4
       3
       3
       5
       1
       3
       6
       1
       5
       0
       3
       2
       2
       0
       0
       2
       1
       2
       0
       4
       2
       0
       4
       3
       2
       1
       4
       6
       3
       3
       1
       2
       1
       1
       4
       4
       5
       1
       3
       2
       0
       2
       2
       1
       2
       4
       1
       3
       4
       1
       2
       5
       8
       5
       2
       1
       1
       1
       5
       2
       5
       1
       1
       2
       4
       2
       3
       3
       3
       0
       1
       0
       2
       1
       6
       4
       4
       3
       4
       2
       1
       2
       2
       2
       3
       1
       2
       2
       1
       0
       4
       5
       3
       1
       2
       3
       2
       2
       1
       4
       1
       0
       2
       4
       1
       1
       2
       4
       2
       1
       3
       4
       1
       5
       2
       1
       1
       1
       3
       5
       1
       1
       1
       3
       0
       5
       2
       0
       4
       0
       3
       2
       1
       1
       3
       1
       1
       2
       4
       4
       4
       3
       1
       2
       1
       2
       2
       1
       5
       0
       1
       3
       2
       1
       1
       1
       0
       4
       2
       0
       3
       4
       3
       4
       1
       4
       4
       1
       1
       2
       1
       2
       3
       1
       0
       1
       3
       0
       1
       2
       1
       3
       0
       1
       3
       3
       0
       4
       3
       1
       0
       4
       0
       2
       1
       0
       2
       2
       0
       3
       0
       0
       3
       0
       3
       1
       5
       0
       1
       0
       2
       1
       0
       1
       0
       3
       0
       3
       0
       2
       0
       0
       4
       1
       3
       2
       1
       2
       2
       3
       2
       2
       2
       0
       1
       1
       1
       4
       1
       0
       0
       1
       1
       0
       0
       2
       0
       4
       1
       0
       1
       2
       2
       1
       1
       1
       0
       1
       2
       2
       2
       2
       0
       1
       3
       1
       4
       1
       1
       0
       0
       0
       1
       1
       0
       2
       6
       1
       2
       0
       5
       1
       1
       0
       2
       1
       2
       2
       3
       3
       3
       0
       0
       2
       1
       1
       3
       2
       2
       2
       1
       2
       2
       2
       1
       2
       0
       3
       4
       2
       0
       0
       1
       1
       2
       4
       3
       0
       3
       5
       1
       1
       0
       0
       2
       1
       2
       2
       0
       3
       2
       2
       0
       1
       2
       1
       1
       2
       3
       1
       4
       0
       2
       1
       0
       0
       2
       2
       2
       2
       1
       4
       2
       3
       1
       1
       0
       1
       4
       1
       1
       2
       3
       3
       1
       2
       4
       2
       3
       1
       2
       0
       1
       0
       2
       0
       1
       0
       0
       0
       0
       1
       1
       3
       3
       2
       1
       2
       1
       1
       1
       0
       2
       2
       1
       1
       1
       0
       1
       0
       0
       1
       3
       3
       1
       3
       2
       2
       1
       0
       1
       2
       0
       0
       1
       2
       0
       2
       0
       2
       0
       1
       0
       1
       0
       1
       2
       1
       1
       4
       0
       1
       0
       1
       4
       1
       0
       2
       4
       0
       0
       0
       2
       0
       4
       1
       4
       2
       1
       1
       2
       3
       1
       2
       2
       0
       0
       1
       4
       1
       2
       2
       1
       5
       4
       1
       1
       1
       0
       1
       1
       2
       2
       1
       0
       3
       1
       1
       0
       1
       1
       2
       2
       0
       1
       1
       0
       0
       1
       0
       3
       1
       0
       1
       3
       1
       1
       1
       3
       0
       0
       0
       0
       1
       6
       3
       1
       3
       3
       1
       0
       1
       0
       2
       2
       1
       1
       1
       0
       0
       2
       1
       1
       0
       3
       2
       1
       2
       1
       2
       0
       1
       0
       4
       2
       0
       2
       2
       3
       1
       0
       3
       4
       1
       3
       0
       1
       2
       0
       1
       2
       1
       2
       1
       0
       0
       2
       1
       0
       2
       0
       0
       1
       2
       1
       2
       1
       3
       1
       0
       1
       0
       1
       0
       3
       1
       0
       0
       2
       0
       0
       1
       2
       1
       0
       2
       1
       2
       2
       2
       0
       2
       1
       0
       1
       0
       0
       1
       1
       1
       0
       1
       2
       1
       1
       2
       3
       0
       0
       2
       0
       0
       2
       1
       1
       0
       1
       1
       0
       0
       5
       1
       1
       2
       2
       0
       2
       1
       1
       0
       0
       1
       0
       1
       3
       3
       1
       1
       2
       1
       2
       0
       1
       0
       3
       0
       1
       0
       1
       1
       2
       2
       2
       3
       0
       3
       2
       0
       2
       1
       0
       2
       3
       2
       1
       4
       3
       1
       0
       2
       1
       1
       0
       1
       0
       1
       6
       2
       4
       5
      10
       4
       5
       1
       3
       4
       0
       3
       2
       0
       2
       1
       2
       2
       1
       3
       1
       4
       1
       1
       0
       1
       2
       1
       1
       3
       1
       1
       2
       2
       1
       2
       1
       0
       2
       2
       0
       0
       0
       1
       1
       1
       1
       1
       2
       1
       0
       0
       2
       0
       3
       1
       1
       1
       0
       1
       0
       2
       2
       1
       1
       4
       1
       1
       1
       0
       1
       2
       0
       3
       0
       1
       1
       1
       2
       1
       0
       2
       1
       2
       0
       0
       0
       2
       1
       0
       0
       1
       1
       0
       2
       3
       2
       0
       1
       1
       1
       0
       1
       1
       2
       1
       4
       1
       1
       0
       1
       0
       1
       3
       2
       1
       0
       2
       0
       1
       0
       0
       3
       1
       1
       0
       0
       1
       0
       1
       0
       1
       2
       0
       0
       0
       0
       2
       1
       3
       1
       1
       3
       1
       0
       2
       0
       3
       1
       1
       0
       0
       1
       0
       1
       1
       2
       0
       1
       1
       0
       0
       1
       0
       0
       0
       0
       1
       0
       0
       1
       2
       0
       0
       2
       2
       0
       0
       3
       0
       1
       0
       0
       1
       1
       1
       1
       1
       2
       0
       1
       0
       1
       1
       0
       0
       2
       2
       2
       0
       0
       0
       0
       1
       1
       4
       0
       1
       2
       2
       1
       1
       2
       1
       1
       0
       1
       1
       1
       0
       3
       1
       1
       0
       0
       0
       0
       1
       5
       2
       0
       1
       1
       5
       0
       0
       0
       1
       0
       2
       1
       0
       1
       1
       1
       1
       1
       1
       1
       2
       1
       2
       3
       4
       0
       3
       1
       3
       4
       4
       1
       1
       3
       3
       2
       0
       2
       0
       1
       1
       0
       1
       1
       1
       1
       1
       1
       2
       1
       1
       4
       4
       1
       1
       1
       2
       4
       1
       0
       2
       1
       0
       0
       0
       4
       0
       3
       0
       0
       0
       2
       1
       0
       2
       0
       0
       1
       0
       2
       1
       3
       1
       0
       1
       0
       1
       4
       1
       1
       0
       0
       0
       2
       1
       1
       1
       3
       1
       0
       0
       1
       1
       0
       1
       1
       1
       1
       0
       1
       0
       0
       0
       1
       1
       2
       0
       2
       0
       1
       0
       0
       0
       2
       2
       1
       0
       1
       1
       0
       0
       1
       2
       1
       1
       2
       2
       0
       1
       2
       1
       2
       1
       0
       0
       2
       1
       3
       1
       0
       0
       0
       0
       1
       1
       1
       0
       0
       0
       0
       0
       2
       0
       2
       1
       1
       1
       1
       1
       0
       2
       0
       0
       2
       0
       0
       3
       1
       0
       0
       1
       1
       2
       2
       1
       0
       2
       0
       1
       2
       2
       0
       0
       0
       2
       1
       2
       2
       0
       2
       0
       1
       1
       1
       0
       0
       1
       2
       1
       0
       0
       0
       1
       0
       0
       1
       0
       0
       0
       1
       1
       1
       1
       0
       0
       2
       1
       1
       0
       1
       0
       0
       0
       3
       0
       2
       3
       1
       1
       1
       1
       0
       1
       0
       0
       0
       2
       2
       0
       0
       1
       2
       1
       0
       2
       1
       0
       0
       1
       0
       0
       1
       1
       2
       0
       1
       0
       0
       1
       1
       1
       0
       0
       0
       3
       1
       1
       1
       1
       0
       1
       1
       0
       0
       0
       1
       1
       1
       0
       1
       2
       0
       0
       0
       2
       0
       2
       2
       0
       0
       0
       0
       0
       1
       2
       0
       1
       0
       0
       0
       0
       0
       2
       1
       1
       1
       0
       1
       0
       1
       1
       2
       1
       1
       0
       1
       4
       0
       0
       0
       2
       2
       0
       0
       0
       1
       5
       1
       0
       0
       0
       0
       1
       1
       1
       0
       0
       1
       0
       4
       0
       0
       1
       1
       0
       2
       0
       5
       1
       0
       0
       2
       0
       1
       2
       0
       1
       0
       1
       0
       1
       0
       0
       0
       2
       1
       2
       0
       1
       1
       1
       1
       2
       3
       0
       1
       1
       1
       3
       0
       1
       1
       0
       2
       3
       0
       0
       2
       1
       0
       0
       1
       2
       0
       2
       4
       0
       0
       1
       2
       4
       0
       1
       1
       0
       1
       1
       1
       0
       0
       3
       0
       2
       0
       0
       0
       0
       0
       0
       1
       0
       1
       3
       0
       1
       1
       0
       0
       0
       3
       3
       1
       1
       1
       1
       1
       0
       0
       3
       1
       1
       2
       1
       2
       1
       0
       2
       2
       4
       0
       0
       1
       0
       2
       0
       1
       0
       1
       0
       0
       0
       1
       2
       0
       1
       0
       1
       0
       0
       1
       1
       0
       0
       0
       1
       1
       0
       0
       1
       0
       1
       0
       1
       0
       3
       1
       1
       0
       1
       0
       0
       0
       1
       0
       0
       2
       1
       0
       0
       0
       1
       2
       0
       1
       1
       1
       1
       1
       0
       1
       1
       2
       1
       1
       1
       3
       1
       0
       0
       1
       0
       0
       0
       0
       2
       0
       1
       1
       0
       0
       1
       3
       0
       0
       0
       1
       0
       0
       0
       1
       1
       0
       0
       0
       0
       1
       0
       1
       2
       2
       0
       0
       2
       1
       2
       1
       1
       0
       0
       0
       3
       0
       0
       0
       0
       0
       1
       0
       2
       0
       1
       0
       1
       3
       2
       0
       0
       0
       2
       0
       0
       1
       0
       0
       0
       0
       0
       1
       0
       0
       0
       1
       0
       0
       1
       0
       0
       1
       1
       1
       1
       1
       1
       0
       1
       0
       0
       0
       0
       0
       0
       1
       0
       1
       0
       0
       0
       2
       0
       1
       0
       1
       1
       1
       2
       2
       1
       3
       0
       1
       2
       0
       1
       1
       0
       0
       1
       0
       0
       1
       2
       1
       0
       0
       0
       0
       0
       0
       2
       0
       0
       0
       1
       2
       1
       2
       0
       0
       0
       1
       2
       5
       1
       0
       3
       4
       5
       1
       2
       4
       3
       2
       6
       1
       2
       3
       0
       1
       0
       1
       2
       0
       2
       1
       0
       0
       3
       1
       1
       2
       2
       0
       2
       2
       1
       1
       0
       1
       0
       0
       0
       3
       1
       1
       0
       0
       0
       1
       0
       1
       0
       0
       0
       1
       0
       2
       0
       2
       1
       1
       0
       0
       2
       1
       1
       0
       1
       0
       2
       0
       1
       1
       0
       0
       1
       0
       0
       0
       0
       1
       0
       0
       1
       0
       1
       0
       0
       1
       2
       2
       1
       0
       0
       1
       0
       1
       2
       0
       0
       0
       0
       1
       1
       1
       1
       1
       0
       1
       0
       0
       3
       1
       0
       2
       1
       1
       2
       1
       1
       0
       1
       1
       0
       2
       0
       1
       0
       0
       1
       0
       0
       0
       0
       0
       1
       1
       0
       0
       0
       2
       0
       1
       3
       1
       0
       1
       2
       1
       0
       0
       0
       1
       0
       1
       1
       1
       1
       1
       0
       0
       2
       1
       2
       0
       1
       0
       0
       0
       2
       0
       2
       1
       1
       1
       1
       0
       0
       0
       1
       0
       1
       0
       1
       0
       0
       1
       0
       2
       0
       0
       0
       0
       0
       0
       0
       0
       1
       0
       1
       1
       2
       1
       1
       1
       1
       0
       1
       0
       0
       0
       1
       0
       0
       1
       0
       0
       0
       0
       0
       1
       1
       2
       2
       0
       0
       0
       1
       0
       0
       0
       2
       1
       0
       1
       2
       0
       1
       0
       0
       1
       4
       1
       1
       0
       1
       0
       2
       0
       3
       2
       1
       2
       2
       0
       2
       2
       0
       0
       0
       1
       0
       0
       1
       0
       0
       1
       1
       0
       1
       0
       1
       1
       1
       1
       0
       0
       1
       0
       0
       1
       1
       2
       2
       0
       0
       2
       2
       1
       1
       0
       2
       1
       0
       0
       1
       1
       1
       0
       3
       2
       1
       0
       0
       0
       0
       0
       2
       1
       0
       1
       1
       1
       3
       0
       2
       1
       2
       0
       0
       1
       1
       1
       1
       1
       0
       2
       0
       1
       0
       0
       0
       0
       0
       1
       1
       1
       1
       0
       3
       0
       2
       0
       2
       2
       0
       0
       2
       0
       0
       0
       1
       0
       0
       0
       0
       1
       0
       2
       1
       0
       2
       2
       1
       0
       3
       1
       1
       1
       1
       0
       2
       1
       1
       1
       1
       1
       3
       0
       0
       1
       0
       0
       0
       1
       0
       0
       0
       1
       1
       1
       0
       2
       0
       0
       0
       0
       0
       3
       2
       3
       0
       1
       1
       1
       0
       1
       1
       0
       0
       2
       1
       1
       1
       0
       1
       1
       1
       0
       1
       2
       2
       2
       1
       1
       0
       1
       2
       0
       2
       0
       0
       1
       1
       2
       0
       0
       2
       2
       1
       1
       0
       1
       2
       1
       2
       2
       2
       1
       0
       0
       0
       0
       0
       0
       1
       0
       0
       0
       0
       2
       0
       0
       2
       2
       0
       0
       1
       1
       0
       1
       0
       1
       0
       1
       1
       0
       0
       0
       0
       1
       0
       1
       0
       0
       1
       2
       0
       1
       0
       1
       1
       1
       1
       0
       2
       2
       0
       0
       2
       0
       1
       2
       0
       3
       0
       0
       1
       1
       2
       2
       1
       1
       2
       1
       1
       1
       4
       0
       5
       1
       1
       1
       1
       0
       1
       2
       0
       0
       1
       1
       1
       0
       0
       0
       0
       0
       0
       1
       1
       0
       0
       0
       3
       0
       0
       0
       0
       0
       0
       0
       1
       0
       2
       1
       0
       1
       0
       0
       1
       1
       1
       3
       1
       0
       0
       1
       0
       1
       1
       2
       1
       1
       1
       1
       0
       0
       0
       0
       0
       0
       0
       1
       1
       1
       2
       3
       0
       0
       0
       1
       1
       0
       0
       0
       0
       0
       0
       0
       0
       0
       2
       1
       0
       0
       0
       1
       0
       2
       1
       2
       0
       1
       0
       0
       0
       2
       0
       2
       0
       0
       0
       0
       0
       1
       0
       2
       0
       2
       1
       0
       0
       1
       1
       0
       3
       1
       0
       1
       0
       1
       1
       0
       0
       2
       0
       1
       0
       1
       0
       0
       0
       3
       0
       0
       0
       0
       2
       1
       1
       1
       1
       1
       2
       1
       3
       2
       1
       1
       0
       2
       0
       1
       0
       1
       2
       0
       1
       1
       3
       0
       1
       0
       1
       2
       0
       4
       1
       1
       0
       3
       1
       1
       0
       0
       1
       1
       0
       0
       0
       2
       0
       0
       0
       2
       1
       1
       2
       0
       0
       0
       2
       0
       0
       0
       0
       0
       0
       4
       0
       0
       0
       1
       0
       0
       1
       1
       1
       0
       0
       0
       1
       1
       0
       0
       2
       1
       0
       1
       1
       0
       0
       2
       0
       2
       0
       0
       0
       1
       0
       0
       2
       1
       0
       0
       1
       2
       1
       2
       1
       1
       1
       0
       2
       1
       3
       0
       0
       0
       0
       0
       0
       2
       1
       0
       0
       0
       0
       1
       0
       1
       0
       0
       0
       1
       1
       0
       0
       3
       0
       1
       1
       1
       0
       0
       0
       0
       1
       0
       0
       2
       2
       0
       2
       0
       0
       2
       0
       0
       0
       0
       1
       1
       0
       1
       0
       0
       0
       0
       1
       0
       0
       0
       0
       0
       1
       0
       1
       0
       0
       1
       0
       1
       0
       0
       2
       0
       1
       0
       2
       0
       0
       0
       0
       0
       1
       0
       0
       0
       1
       2
       0
       1
       0
       0
       0
       0
       0
       0
       1
       1
       0
       0
       2
       0
       0
       0
       0
       0
       1
       2
       0
       0
       0
       0
       0
       0
       0
       1
       0
       1
       0
       2
       2
       0
       0
       0
       2
       1
       0
       0
       1
       0
       1
       2
       0
       1
       0
       1
       1
       0
       0
       0
       0
       0
       0
       0
       0
       1
       0
       0
       0
       1
       1
       0
       0
       0
       1
       0
       2
       0
       0
       0
       0
       1
       1
       1
       2
       1
       0
       0
       0
       1
       0
       1
       1
       2
       0
       0
       1
       1
       2
       0
       0
       0
       0
       0
       0
       0
       0
       0
       0
       0
       1
       0
       0
       0
       1
       0
       1
       2
       0
       0
       0
       1
       0
       1
       0
       1
       1
       1
       2
       0
       1
       1
       0
       0
       1
       0
       1
       0
       0
       0
       1
       0
       1
       0
       0
       0
       1
       0
       0
       0
       2
       1
       0
       0
       1
       0
       0
       2
       1
       1
       0
       1
       1
       0
       1
       0
       0
       1
       1
       0
       1
       2
       0
       0
       0
       0
       1
       1
       0
       0
       0
       0
       0
       1
       0
       0
       0
       0
       0
       0
       0
       0
       1
       2
       1
       0
       0
       0
       0
       0
       0
       1
       0
       1
       0
       1
       0
       0
       1
       0
       1
       1
       0
       0
       0
       1
       0
       1
       0
       0
       0
       1
       0
       0
       1
       1
       1
       0
       2
       0
       0
       0
       0
       0
       0
       0
       0
       1
       0
       1
       0
       1
       0
       1
       0
       0
       0
       0
       0
       1
       1
       0
       0
       0
       0
       0
       0
       0
       0
       0
       0
       1
       1
       0
       1
       0
       1
       0
       1
       0
       2
       0
       0
       0
       1
       1
       1
       1
       1
       3
       1
       0
       1
       2
       2
       1
       0
       2
       1
       1
       0
       0
       1
       0
       0
       1
       0
       0
       0
       1
       0
       0
       2
       0
       0
       0
       0
       1
       0
       0
       0
       0
       0
       0
       2
       1
       0
       0
       0
       0
       1
       0
       1
       0
       0
       0
       0
       0
       0
       0
       2
       0
       0
       0
       0
       0
       0
       0
       1
       2
       0
       1
       0
       0
       1
       0
       0
       1
       0
       0
       0
       1
       0
       0
       0
       1
       0
       0
       2
       0
       0
       0
       0
       1
       0
       1
       0
       0
       0
       0
       0
       0
       1
       1
       0
       0
       0
       0
       1
       0
       0
       1
       1
       0
       0
       1
       0
       0
       0
       0
       2
       0
       0
       0
       0
       0
       0
       0
       0
       0
       0
       0
       0
       0
       0
       0
       1
       0
       1
       0
       2
       0
       0
       0
       0
       2
       1
       0
       0
       0
       1
       0
       0
       0
       0
       1
       0
       1
       0
       1
       0
       0
       0
       0
       1
       0
       0
       0
       1
       1
       0
       1
       1
       1
       0
       0
       0
       0
       0
       0
       0
       0
       0
       1
       0
       1
       0
       0
       1
       1
       0
       0
       1
       0
       1
       1
       0
       1
       0
       0
       0
       1
       0
       0
       0
       0
       0
       0
       1
       0
       1
       0
       0
       0
       0
       0
       0
       0
       0
       0
       0
       1
       0
       0
       1
       0
       0
       0
       1
       0
       0
       0
       0
       1
       0
       0
       0
       0
       0
       0
       0
       0
       0
       1
       0
       0
       0
       2
       0
       0
       0
       1
       0
       0
       0
       0
       0
       0
       0
       0
       1
       2
       0
       1
       1
       0
       0
       0
       2
       0
       1
       2
       0
       0
       1
       0
       0
       0
       0
       0
       0
       1
       0
       0
       1
       0
       0
       0
       0
       0
       1
       0
       0
       0
       0
       2
       1
       0
       0
       0
       1
       0
       1
       0
       0
       1
       0
       1
       1
       0
       1
       0
       0
       0
       0
       0
       1
       0
       0
       1
       1
       0
       0
       0
       0
       1
       1
       1
       0
       0
       0
       0
       0
       0
       0
       0
       0
       1
       0
       1
       1
       0
       1
       0
       1
       0
       0
       1
       0
       0
       1
       0
       1
       1
       0
       0
       2
       2
       4
       5
       5
      10
       5
       9
      25
      21
      15
      29
      25
      31
      17
      17
      17
      12
      16
       9
       8
       2
       4
       3
       1
       0
       0
       1
       1
       0
       0
       1
       0
       0
       0
       0
       0
       0
       0
       0
       1
       2
       0
       2
       0
       1
       0
       3
       0
       0
       0
       0
       0
       1
       0
       0
       1
       1
       0
       0
       0
       1
       1
       0
       0
       0
       1
       2
       0
       0
       0
       0
       0
       0
       0
       0
       0
       0
       1
       0
       1
       0
       0
       0
       0
       0
       0
       0
       0
       0
       1
       0
       0
       0
       0
       0
       1
       0
       0
       2
       0
       0
       1
       0
       0
       0
       1
       0
       1
       1
       0
       0
       0
       1
       0
       0
       0
       1
       1
       0
       0
       2
       0
       0
       0
       0
       0
       1
       0
       0
       0
       0
       0
       1
       0
       0
       2
       0
       0
       0
       2
       0
       1
       0
       0
       0
       1
       1
       0
       0
       0
       1
       0
       0
       0
       1
       0
       0
       0
       0
       0
       0
       0
       0
       0
       1
       0
       0
       0
       2
       1
       1
       0
       0
       0
       0
       0
       0
       2
       0
       0
       1
       0
       0
       0
       0
       1
       1
       0
       0
       0
       0
       1
       0
       0
       1
       0
       0
       0
       0
       1
       0
       0
       0
       0
       0
       0
       0
       0
       0
       0
       0
       0
       1
       2
       2
       0
       1
       0
       0
       0
       1
       1
       0
       1
       0
       2
       0
       0
       0
       0
       0
       0
       0
       0
       1
       0
       0
       1
       0
       0
       0
       0
       0
       2
       1
       0
       0
       0
       1
       1
       0
       0
       1
       0
       0
       0
       0
       0
       0
       0
       0
       0
       0
       0
       0
       1
       0
       0
       0
       1
       0
       0
       0
       0
       0
       0
       0
       0
       0
       0
       0
       0
       1
       0
       0
       0
       0
       0
       0
       0
       0
       0
       0
       0
       0
       0
       0
       0
       1
       0
       0
       0
       1
       0
       0
       0
       0
       0
       1
       1
       0
       0
       0
       1
       1
       0
       0
       0
       0
       0
       0
       1
       0
       0
       0
       0
       1
       0
       0
       0
       0
       0
       0
       1
       0
       0
       0
       1
       0
       0
       1
       1
       0
       0
       1
       0
       1
       0
       0
       0
       0
       0
       0
       0
       1
       0
       0
       0
       0
       1
       0
       0
       1
       0
       0
       2
       0
       1
       0
       1
       0
       1
       0
       0
       0
       0
       0
       0
       0
       0
       1
       0
       1
       0
       0
       0
       1
       0
       0
       0
       0
       0
       0
       1
       1
       0
       0
       0
       0
       0
       0
       0
       0
       0
       0
       0
       0
       0
       0
       0
       0
       1
       1
       0
       0
       0
       0
       0
       0
       0
       0
       1
       0
       0
       0
       0
       0
       0
       0
       0
       0
       1
       0
       0
       0
       0
       0
       0
       0
       0
       0
       0
       0
       0
       0
       1
       0
       0
       1
       0
       0
       0
       1
       0
       0
       1
       0
       0
       1
       0
       0
       0
       0
       1
       0
       0
       0
       0
       0
       0
       0
       0
       0
       0
       0
       0
       0
       0
       0
       0
       1
       0
       0
       0
       0
       1
       0
       0
       0
       0
       0
       0
       0
       0
       0
       0
       0
       0
       1
       0
       0
       0
       0
       0
       1
       0
       0
       0
       0
       0
       1
       0
       0
       0
       0
       0
       0
       0
       0
       1
       0
       1
       0
       0
       0
       0
       0
       1
       0
       0
       1
       1
       0
       0
       0
       0
       0
       1
       0
       0
       1
       1
       0
       1
       0
       0
       1
       0
       0
       0
       0
       1
       0
       0
       0
       0
       0
       0
       0
       0
       0
       1
       1
       1
       0
       0
       1
       0
       0
       2
       0
       0
       2
       0
       0
       0
       0
       0
       1
       0
       0
       1
       0
       0
       0
       0
       0
       0
       1
       0
       0
       0
       1
       0
       1
       0
       0
       0
       0
       0
       0
       0
       1
       0
       0
       0
       0
       0
       0
       0
       0
       0
       0
       0
       0
       0
       0
       0
       0
       0
       0
       0
       1
       0
       0
       1
       1
       1
       0
       1
       0
       0
       0
       0
       0
       0
       0
       1
       0
       0
       0
       0
       0
       0
       0
       0
       0
       1
       1
       0
       0
       0
       0
       1
       0
       0
       1
       0
       1
       0
       0
       0
       0
       0
       0
       0
       0
       1
       0
       0
       0
       2
       0
       0
       0
       0
       0
       0
       0
       0
       0
       0
       0
       0
       0
       0
       0
       0
       0
       0
       0
       0
       0
       0
       0
       0
       0
       0
       0
       0
       1
       0
       0
       0
       0
       0
       0
       0
       0
       0
       1
       0
       1
       0
       0
       0
       0
       0
       0
       0
       0
       0
       0
       0
       0
       0
       0
       0
       1
       1
       0
       0
       0
       2
       0
       0
       0
       0
       0
       0
       0
       0
       0
       0
       0
       0
       0
       0
       0
       0
       0
       0
       0
       0
       0
       0
       0
       0
       0
       0
       1
       0
       0
       0
       0
       0
       1
       0
       0
       1
       0
       0
       0
       0
       0
       0
       0
       0
       0
       0
       0
       0
       0
       0
       0
       0
       0
       0
       0
       0
       1
       1
       0
       0
       0
       0
       0
       0
       0
       0
       0
       1
       0
       0
       0
       0
       1
       0
       0
       0
       0
       1
       0
       1
       0
       0
       0
       0
       0
       0
       0
       0
       1
       0
       0
       0
       2
       1
       1
       0
       0
       0
       0
       0
       0
       0
       0
       0
       0
       0
       1
       0
       0
       0
       1
       0
       0
       0
       0
       0
       1
       0
       0
       0
       0
       1
       0
       0
       0
       0
       0
       0
       0
       1
       0
       0
       0
       0
       0
       1
       0
       0
       1
       0
       0
       0
       0
       0
       0
       0
       0
       0
       0
       0
       0
       0
       0
       0
       0
       0
       0
       0
       0
       0
       0
       0
       0
       0
       0
       0
       0
       0
       0
       0
       0
       0
       0
       0
       0
       0
       0
       0
       0
       0
       0
       0
       0
       0
       0
       0
       1
       0
       0
       0
       1
       1
       0
       0
       0
       0
       0
       0
       0
       0
       0
       0
       1
       0
       0
       0
       1
       0
       0
       0
       0
       1
       0
       0
       0
       0
       0
       0
       1
       0
       0
       0
       0
       0
       0
       0
       0
       0
       0
       0
       0
       0
       0
       0
       0
       0
       0
       0
       0
       0
       0
       0
       0
       0
       0
       0
       0
       0
       0
       0
       0
       0
       0
       0
       0
       0
       0
       0
       0
       0
       0
       0
       0
       0
       0
       1
       0
       0
       0
       0
       0
       1
       0
       1
       0
       0
       0
       0
       0
       0
       0
       0
       0
       0
       1
       0
       0
       0
       1
       1
       0
       0
       0
       0
       0
       0
       0
       0
       0
       0
       0
       0
       0
       0
       0
       0
       0
       0
       0
       0
       0
       1
       0
       0
       0
       0
       0
       0
       0
       0
       0
       1
       0
       0
       1
       0
       0
       0
       0
       0
       0
       0
       0
       0
       0
       0
       0
       0
       0
       0
       0
       0
       0
       0
       0
       0
       0
       0
       0
       0
       0
       0
       1
       0
       0
       0
       0
       0
       0
       0
       0
       0
       0
       0
       0
       0
       0
       0
       0
       0
       0
       0
       1
       0
       0
       0
       1
       0
       0
       1
       0
       0
       0
       0
       0
       0
       0
       0
       1
       0
       0
       0
       0
       1
       0
       0
       0
       0
       0
       1
       0
       1
       1
       0
       0
       0
       0
       0
       0
       0
       0
       0
       1
       0
       0
       0
       1
       0
       0
       0
       0
       0
       0
       0
       0
       0
       0
       0
       0
       0
       1
       0
       0
       0
       0
       0
       0
       0
       0
       1
       1
       0
       0
       0
       0
       0
       0
       0
       0
       0
       0
       0
       0
       0
       0
       1
       0
       1
       0
       0
       0
       0
       0
       0
       0
       0
       0
       0
       0
       0
       0
       0
       0
       0
       0
       0
       0
       0
       0
       0
       0
       0
       0
       0
       0
       1
       0
       1
       0
       0
       0
       0
       0
       0
       0
       0
       1
       0
       0
       0
       0
       0
       0
       0
       0
       0
       0
       0
       0
       0
       0
       0
       0
       1
       1
       0
       0
       0
       0
       0
       0
       0
       0
       0
       0
       0
       0
       0
       0
       0
       0
       0
       1
       0
       0
       0
       0
       1
       0
       0
       0
       0
       0
       0
       0
       0
       1
       0
       1
       0
       0
       0
       0
       0
       0
       0
       0
       0
       0
       0
       0
       1
       0
       0
       0
       0
       0
       0
       0
       0
       0
       0
       1
       1
       0
       0
       0
       0
       0
       1
       0
       0
       0
       1
       1
       3
       0
       1
       2
       1
       1
       2
       2
       0
       1
       3
       1
       1
       0
       0
       1
       0
       0
       0
       0
       0
       0
       0
       0
       1
       0
       0
       0
       0
       0
       0
       0
       0
       0
       0
       0
       0
       0
       1
       1
       0
       1
       0
       0
       0
       0
       1
       0
       0
       0
       0
       0
       0
       0
       0
       1
       0
       0
       0
       0
       0
       0
       0
       0
       1
       1
       1
       0
       0
       0
       0
       0
       0
       0
       0
       0
       1
       0
       0
       1
       0
       0
       1
       0
       0
       0
       0
       0
       0
       0
       0
       0
       0
       0
       0
       1
       0
       0
       0
       0
       0
       0
       0
       0
       1
       0
       1
       0
       1
       0
       0
       0
       0
       0
       1
       0
       0
       0
       0
       0
       0
       1
       0
       0
       0
       0
       0
       0
       0
       1
       0
       0
       0
       0
       0
       0
       0
       0
       0
       0
       0
       0
       0
       0
       0
       0
       0
       0
       0
       0
       0
       0
       0
       0
       0
       0
       0
       0
       0
       0
       0
       0
       0
       0
       1
       0
       0
       0
       0
       0
       0
       0
       1
       0
       0
       0
       0
       0
       1
       0
       0
       0
       0
       0
       0
       0
       0
       0
       0
       0
       0
       0
       0
       0
       0
       0
       0
       0
       0
       0
       0
       0
       0
       0
       0
       0
       0
       0
       0
       0
       0
       0
       0
       0
       0
       0
       0
       0
       0
       0
       0
       0
       0
       0
       0
       0
       0
       0
       0
       0
       0
       0
       0
       0
       0
       0
       0
       0
       0
       0
       0
       0
       0
       0
       0
       0
       0
       1
       0
       1
       0
       0
       0
       0
       0
       0
       0
       0
       0
       0
       0
       0
       0
       0
       0
       0
       0
       0
       0
       0
       2
       0
       0
       0
       0
       0
       1
       0
       0
       0
       0
       0
       0
       0
       0
       0
       0
       0
       0
       0
       0
       0
       0
       0
       0
       0
       0
       0
       0
       0
       0
       0
       1
       0
       0
       0
       0
       0
       0
       0
       0
       0
       0
       0
       0
       0
       1
       0
       0
       0
       0
       0
       0
       1
       0
       1
       0
       0
       1
       0
       0
       0
       0
       1
       0
       0
       0
       0
       0
       0
       0
       0
       0
       0
       1
       0
       0
       0
       0
       0
       1
       0
       1
       0
       0
       1
       0
       0
       0
       0
       0
       0
       0
       1
       0
       1
       0
       2
       0
       0
       0
       0
       0
       0
       0
       0
       0
       0
       0
       0
       1
       1
       0
       1
       0
       0
       0
       0
       0
       0
       0
       1
       0
       0
       0
       0
       0
       0
       0
       0
       0
       0
       0
       0
       1
       0
       0
       0
       1
       0
       0
       0
       0
       0
       0
       0
       0
       0
       0
       0
       0
       0
       1
       0
       0
       0
       0
       0
       0
       0
       0
       0
       0
       0
       0
       1
       0
       0
       0
       1
       1
       0
       0
       0
       0
       0
       0
       0
       0
       0
       0
       0
       0
       0
       0
       0
       0
       0
       0
       0
       0
       0
       0
       0
       0
       0
       0
       0
       0
       0
       0
       0
       0
       0
       0
       0
       0
       0
       0
       0
       0
       0
       0
       0
       0
       0
       0
       0
       0
       0
       0
       0
       0
       0
       0
       0
       0
       0
       0
       0
       0
       0
       0
       0
       0
       0
       0
       0
       0
       0
       0
       0
       0
       0
       0
       0
       0
       0
       0
       0
       0
       0
       0
       0
       0
       0
       0
       0
       0
       0
       0
       0
       0
       0
       0
       0
       0
       0
       0
       0
       0
       0
       0
       0
       0
       0
       0
       0
       0
       0
       0
       0
       0
       0
       0
       0
       0
       0
       0
       0
       0
       0
       0
       0
       0
       0
       0
       0
       0
       0
       0
       0
       0
       0
       0
       0
       0
       0
$ROI:
0
$PRESETS:
Live Time
180
0
$ENER_FIT:
0.000000 0.231538
$MCA_CAL:
3
0.000000E+000 2.315376E-001 0.000000E+000 keV
$SHAPE_CAL:
3
1.035860E+001 0.000000E+000 0.000000E+000
