$SPEC_ID:
No sample description was entered.
$SPEC_REM:
DET# 1
DETDESC# NOISEPC Easy-MCA-8k SN 12310217
AP# Maestro Version 7.01
$DATE_MEA:
06/16/2022 14:26:33
$MEAS_TIM:
450 460
$DATA:
0 8191
       0
       0
       0
       0
       0
       0
       0
       0
       0
       0
       0
       0
       0
       0
       0
       0
       0
       0
       0
       0
       0
       0
       0
       0
       0
       0
       0
       0
       0
       0
       0
       0
       0
       0
       0
       0
       0
       0
       0
       0
       0
       0
       0
       0
       0
       0
       0
       0
       0
       0
       0
       0
       0
       0
       0
       0
       0
       0
       0
       0
       0
       1
       1
       1
       3
       6
      81
      92
      83
      93
      97
      80
     100
      77
      84
      82
      87
      89
      94
      92
      87
      82
      96
      92
      95
      94
      81
      84
      90
      92
      77
      81
      77
      84
      83
      68
      77
      70
      86
      81
     106
      77
      73
      73
      86
      68
      77
      69
      92
      77
      85
      75
      60
      65
      85
      85
      52
      81
      63
      65
      84
      64
      70
      68
      71
      68
      79
      68
      61
      71
      73
      73
      63
      83
      73
      63
      55
      75
      69
      71
      77
      75
      64
      73
      68
      63
      76
      70
      68
      69
      66
      72
      49
      59
      74
      70
      67
      63
      62
      47
      54
      63
      76
      59
      69
      65
      61
      56
      52
      72
      66
      74
      66
      61
      66
      68
      51
      77
      65
      77
      61
      55
      75
      67
      65
      73
      62
      66
      62
      64
      52
      64
      59
      45
      80
      60
      49
      61
      64
      65
      61
      53
      64
      56
      46
      77
      56
      74
      66
      51
      76
      56
      66
      74
      67
      54
      63
      48
      80
      66
      56
      58
      64
      75
      63
      54
      68
      44
      53
      57
      61
      61
      62
      82
      63
      72
      62
      71
      59
      74
      65
      68
      53
      84
      70
      61
      56
      74
      55
      74
      63
      71
      71
      80
      69
      55
      55
      58
      56
      66
      55
      70
      69
      71
      75
      78
      82
      61
      49
      65
      55
      72
      64
      67
      84
      76
      68
      81
      69
      76
      82
      68
      85
      78
      68
      73
      71
      69
      67
      78
      80
      71
      73
      74
      66
      59
      80
      63
      75
      75
      62
      67
      92
      78
      78
      57
      72
      66
      60
      89
      73
      58
      78
      85
      58
      58
      75
      87
      71
      92
      75
      74
      67
      86
      86
      77
      89
      59
      72
      65
      88
      71
      80
      87
      84
      84
      74
      78
      64
      80
      82
      83
      80
      94
      78
      84
      71
      85
      88
      85
      81
      96
      77
      92
      71
      72
      95
      72
      81
      81
      66
      67
      73
      92
      90
      76
      86
      89
      83
      69
      76
      79
      80
      69
      92
      68
      96
      84
      70
      61
      91
      77
      71
      77
      81
      76
      70
      87
      86
      79
      74
      95
      82
      69
      71
      76
      77
      74
     100
      74
     102
      92
      99
      75
      74
      84
      93
      80
      87
      73
      91
      77
      83
      79
      89
      79
      82
      91
      97
      83
      85
      99
      81
      86
      69
      86
      71
      79
      67
      89
      87
      81
      99
     106
      79
      88
      98
      98
      76
      92
      78
     102
      88
     100
      95
      82
      87
      67
      96
      72
      95
      82
      87
      83
      70
      91
      90
      81
      77
      93
     107
      80
      93
      77
      88
      87
      94
      96
      75
      79
      90
      79
      86
      63
      91
     102
      70
      92
      76
      91
      88
      88
      76
      96
      82
      92
      83
      81
      69
      80
      70
      68
      82
      81
      91
      84
      86
      71
      74
      86
      87
      79
      85
      68
      97
      82
      84
      86
      77
     105
      77
      90
      91
      77
      75
      80
      89
      93
      84
      78
      75
      73
      88
      95
      82
      82
      82
      86
      93
      79
      83
      80
      73
      86
      83
      65
      79
      72
      91
      92
      74
      86
      84
      85
      97
      83
      77
      80
      93
      95
      96
      87
      84
     112
      78
      75
      91
      69
      79
      77
      84
      88
      95
      81
      59
      76
      85
      83
      85
      87
      83
      97
      66
      78
      92
      61
      90
      86
      77
      81
      72
      80
      64
      71
      92
      73
      80
      86
      84
      79
      78
      82
      91
      81
      76
      69
      81
      93
      80
      67
      89
      89
      79
      86
      90
      75
      78
      94
      77
      96
      90
      83
      77
      55
      87
      86
      69
      74
      62
      73
      95
      82
      62
      76
      65
      68
      84
      63
      78
      78
      93
      82
      74
      85
      87
      58
      67
      75
      79
      61
      88
      77
      81
      70
      92
      71
      81
      68
      73
      69
      74
      66
      73
      75
      74
      66
      71
      65
      77
      74
      85
      68
      60
      71
      84
      74
      89
      87
      64
      78
      81
      71
      77
      67
      71
      67
      70
      62
      79
      79
      83
      71
      69
      74
      54
      77
      76
      77
      65
      74
      82
      68
      67
      61
      71
      68
      65
      70
      70
      64
      73
      61
      67
      60
      73
      59
      75
      74
      73
      83
      60
      80
      66
      69
      57
      82
      55
      49
      68
      79
      59
      62
      70
      78
      76
      80
      68
      74
      76
      64
      89
      60
      66
      67
      68
      71
      80
      69
      59
      86
      61
      78
      68
      78
      58
      77
      66
      76
      70
      68
      75
      51
      62
      42
      65
      78
      63
      69
      81
      78
      77
      89
      77
      73
      62
      66
      70
      75
      63
      70
      61
      66
      77
      57
      74
      86
      62
      73
      70
      97
      81
      79
      81
      75
      84
      75
      74
     100
      74
      80
      74
      67
      84
      78
      66
      92
      86
      89
      80
      62
      83
      82
      61
     101
      76
      90
      87
      97
      83
      77
      81
      77
      70
      82
      76
      75
      74
      81
      77
      94
      76
      87
      84
      93
      85
      88
      95
      91
      71
      81
      75
      74
      85
      85
     101
      76
      76
      87
      72
      77
      84
      83
      69
      84
     100
      94
      82
     103
      72
      63
      81
      68
      81
      68
      61
      75
      81
      75
      59
      80
      70
      74
      72
      78
      69
      76
      73
      68
      88
      74
      68
      65
      68
      60
      68
      72
      72
      63
      71
      64
      77
      75
      77
      87
      74
      84
      95
      66
      88
      71
      80
      74
      61
      56
      78
      74
      62
      83
      63
      85
      62
      74
      72
      67
      58
      72
      73
      69
      74
      64
      64
      77
      72
      62
      82
      76
      71
      56
      62
      62
      61
      83
      90
      60
      79
      68
      68
      62
      59
      57
      57
      75
      64
      72
      73
      64
      72
      69
      74
      70
      62
      61
      62
      68
      47
      74
      66
      54
      66
      61
      47
      66
      73
      62
      47
      56
      68
      56
      64
      65
      58
      69
      79
      66
      55
      54
      60
      75
      61
      68
      57
      67
      70
      50
      58
      69
      76
      55
      56
      57
      47
      51
      58
      72
      73
      70
      58
      67
      55
      63
      66
      59
      50
      69
      55
      55
      42
      55
      48
      63
      67
      47
      58
      48
      65
      46
      49
      67
      48
      54
      63
      62
      62
      51
      53
      53
      47
      64
      44
      49
      64
      41
      50
      71
      62
      49
      59
      56
      62
      50
      49
      45
      63
      54
      49
      54
      50
      63
      47
      57
      46
      56
      56
      47
      61
      61
      47
      60
      70
      48
      51
      65
      60
      46
      40
      60
      47
      66
      57
      63
      54
      52
      63
      60
      49
      56
      36
      45
      52
      48
      53
      49
      53
      71
      48
      50
      46
      49
      56
      50
      46
      59
      53
      58
      53
      38
      55
      56
      56
      53
      59
      62
      57
      56
      70
      74
      64
      57
      59
      42
      44
      55
      51
      57
      49
      57
      56
      54
      52
      54
      40
      57
      57
      52
      44
      52
      50
      57
      55
      43
      41
      64
      31
      51
      55
      50
      54
      38
      37
      50
      44
      49
      57
      56
      51
      43
      55
      47
      46
      58
      47
      54
      51
      60
      35
      34
      49
      47
      51
      45
      59
      44
      55
      50
      40
      58
      48
      46
      44
      59
      40
      51
      44
      52
      52
      49
      52
      44
      67
      55
      57
      43
      37
      42
      41
      41
      33
      42
      43
      39
      46
      42
      44
      55
      44
      56
      42
      54
      47
      61
      43
      47
      62
      45
      36
      47
      47
      33
      45
      36
      50
      50
      49
      47
      52
      45
      55
      33
      46
      44
      51
      37
      33
      49
      39
      43
      44
      42
      45
      39
      48
      45
      52
      55
      40
      46
      51
      41
      52
      47
      54
      60
      43
      41
      51
      48
      40
      47
      51
      41
      36
      44
      33
      46
      40
      38
      40
      44
      41
      34
      59
      34
      45
      38
      54
      50
      47
      43
      52
      44
      43
      40
      40
      36
      38
      41
      43
      51
      43
      42
      41
      48
      30
      43
      40
      34
      37
      37
      40
      48
      41
      44
      43
      45
      41
      41
      51
      36
      42
      52
      41
      50
      48
      45
      37
      38
      44
      38
      32
      47
      49
      52
      43
      44
      59
      81
      44
      64
      38
      46
      33
      54
      37
      45
      44
      41
      58
      40
      54
      45
      43
      32
      50
      42
      56
      37
      34
      47
      49
      37
      36
      46
      43
      31
      43
      35
      38
      47
      36
      47
      42
      46
      36
      43
      38
      35
      38
      41
      39
      53
      42
      45
      46
      35
      37
      43
      43
      32
      45
      37
      33
      46
      40
      44
      41
      34
      37
      41
      36
      39
      36
      33
      39
      42
      34
      33
      38
      36
      41
      32
      36
      34
      47
      29
      49
      38
      38
      32
      31
      47
      35
      38
      36
      39
      40
      32
      39
      35
      36
      29
      36
      46
      38
      38
      30
      31
      38
      46
      44
      48
      42
      41
      45
      46
      40
      32
      35
      33
      34
      33
      32
      36
      44
      38
      38
      48
      42
      51
      36
      29
      31
      30
      31
      37
      37
      34
      35
      30
      35
      35
      19
      33
      56
      35
      38
      30
      30
      35
      37
      40
      47
      38
      33
      34
      31
      38
      36
      37
      34
      32
      33
      33
      31
      29
      32
      46
      37
      32
      34
      29
      40
      50
      40
      42
      43
      29
      40
      31
      38
      22
      38
      33
      38
      37
      32
      43
      32
      34
      36
      31
      38
      39
      54
      37
      26
      43
      37
      35
      27
      33
      34
      30
      29
      42
      30
      36
      46
      47
      38
      45
      29
      44
      31
      43
      35
      33
      32
      35
      44
      35
      33
      41
      38
      37
      32
      30
      19
      35
      41
      44
      45
      35
      25
      35
      32
      29
      37
      29
      38
      27
      29
      37
      39
      41
      35
      43
      21
      43
      31
      44
      22
      33
      33
      27
      34
      33
      39
      33
      33
      43
      33
      36
      38
      25
      31
      27
      43
      42
      36
      38
      40
      38
      42
      37
      33
      34
      37
      35
      31
      32
      29
      37
      34
      39
      31
      24
      29
      43
      27
      29
      32
      43
      32
      43
      30
      32
      37
      35
      36
      25
      34
      36
      35
      34
      37
      37
      31
      43
      36
      33
      28
      26
      38
      31
      39
      41
      34
      32
      33
      31
      49
      33
      35
      42
      36
      30
      24
      25
      26
      33
      35
      28
      40
      30
      42
      33
      39
      32
      33
      39
      32
      31
      22
      27
      31
      31
      26
      39
      40
      25
      29
      40
      31
      28
      30
      32
      40
      33
      28
      33
      36
      30
      36
      32
      35
      34
      31
      25
      25
      33
      37
      36
      22
      40
      38
      28
      36
      36
      32
      37
      32
      28
      38
      35
      28
      25
      27
      40
      40
      27
      39
      37
      45
      40
      29
      25
      32
      49
      40
      46
      30
      43
      42
      28
      24
      36
      31
      34
      28
      29
      37
      28
      31
      37
      43
      38
      26
      29
      32
      32
      31
      25
      31
      27
      27
      35
      25
      22
      25
      31
      27
      34
      33
      32
      36
      39
      27
      29
      29
      25
      37
      43
      35
      33
      30
      34
      29
      19
      37
      33
      40
      32
      28
      30
      38
      44
      26
      25
      34
      34
      29
      30
      34
      32
      40
      25
      28
      23
      36
      29
      31
      33
      26
      42
      30
      35
      27
      27
      25
      41
      26
      34
      25
      25
      29
      33
      29
      26
      25
      36
      34
      33
      38
      42
      44
      32
      29
      28
      35
      32
      34
      34
      34
      28
      30
      24
      32
      25
      34
      28
      35
      36
      33
      28
      45
      29
      29
      31
      33
      30
      32
      31
      36
      24
      25
      38
      21
      23
      21
      22
      30
      35
      36
      37
      32
      23
      20
      25
      35
      28
      25
      38
      27
      32
      34
      34
      33
      34
      34
      28
      28
      32
      40
      40
      48
      32
      33
      23
      26
      37
      36
      24
      31
      42
      36
      31
      27
      44
      34
      36
      23
      21
      29
      40
      27
      47
      35
      33
      30
      32
      34
      42
      24
      38
      29
      32
      38
      26
      37
      34
      37
      31
      35
      43
      48
      59
      65
      62
      76
      53
      53
      46
      44
      41
      26
      36
      35
      45
      47
      28
      39
      33
      30
      46
      25
      32
      26
      41
      30
      39
      34
      36
      32
      29
      36
      32
      22
      22
      31
      29
      32
      38
      35
      24
      31
      24
      43
      28
      23
      36
      32
      35
      30
      26
      21
      35
      36
      35
      38
      33
      26
      34
      29
      34
      25
      28
      24
      26
      24
      27
      37
      33
      30
      24
      30
      26
      24
      28
      25
      26
      27
      40
      19
      34
      28
      33
      30
      38
      32
      42
      33
      41
      28
      33
      34
      33
      35
      26
      27
      25
      28
      20
      29
      26
      24
      27
      27
      27
      30
      23
      35
      21
      27
      19
      40
      34
      29
      41
      27
      23
      27
      24
      31
      32
      28
      27
      29
      23
      38
      27
      33
      35
      40
      32
      27
      18
      31
      28
      29
      23
      26
      27
      27
      26
      33
      24
      28
      30
      23
      22
      33
      23
      30
      31
      29
      35
      32
      29
      40
      29
      36
      24
      25
      33
      27
      29
      28
      52
      31
      36
      34
      20
      27
      22
      29
      33
      31
      30
      29
      36
      25
      30
      27
      33
      29
      19
      44
      32
      40
      36
      29
      25
      33
      31
      26
      28
      31
      40
      30
      17
      33
      27
      31
      30
      25
      26
      35
      30
      30
      24
      37
      29
      29
      26
      37
      30
      40
      21
      28
      32
      27
      35
      20
      37
      31
      23
      26
      19
      26
      29
      34
      28
      22
      29
      35
      32
      31
      21
      41
      27
      28
      33
      28
      34
      25
      35
      38
      32
      20
      30
      29
      25
      32
      23
      35
      31
      28
      29
      32
      33
      29
      34
      40
      30
      31
      31
      29
      29
      36
      28
      33
      31
      38
      40
      40
      37
      42
      37
      37
      31
      37
      37
      34
      27
      31
      23
      28
      30
      35
      33
      36
      29
      26
      30
      30
      39
      30
      31
      39
      38
      25
      34
      31
      34
      35
      28
      27
      25
      31
      43
      29
      37
      40
      27
      35
      27
      34
      33
      35
      29
      29
      31
      29
      32
      24
      36
      27
      32
      17
      29
      37
      28
      28
      27
      27
      31
      29
      36
      31
      36
      28
      37
      20
      27
      26
      24
      31
      21
      33
      29
      32
      35
      28
      27
      29
      31
      23
      30
      39
      33
      28
      30
      23
      28
      27
      35
      35
      34
      36
      39
      44
      49
      46
      41
      51
      56
      36
      30
      39
      30
      35
      22
      27
      34
      29
      23
      28
      30
      33
      40
      28
      29
      25
      35
      26
      26
      46
      33
      19
      40
      27
      33
      30
      34
      28
      20
      33
      30
      38
      31
      24
      30
      29
      26
      30
      40
      25
      29
      30
      25
      30
      26
      35
      28
      25
      36
      31
      33
      31
      30
      38
      21
      27
      24
      29
      35
      30
      34
      23
      28
      27
      27
      25
      43
      35
      31
      29
      22
      26
      31
      32
      30
      38
      38
      30
      30
      37
      36
      28
      40
      28
      27
      27
      30
      23
      33
      36
      33
      35
      44
      27
      22
      30
      38
      35
      29
      35
      28
      22
      29
      25
      39
      28
      24
      32
      29
      20
      28
      20
      29
      23
      27
      26
      31
      22
      35
      32
      28
      34
      22
      28
      25
      37
      27
      32
      30
      29
      24
      38
      22
      32
      34
      35
      26
      29
      21
      35
      34
      34
      26
      31
      28
      34
      33
      35
      35
      29
      22
      24
      32
      40
      44
      39
      24
      39
      21
      22
      31
      32
      32
      27
      22
      36
      36
      29
      22
      28
      34
      27
      21
      19
      32
      33
      41
      23
      26
      23
      28
      24
      32
      29
      21
      34
      44
      28
      42
      28
      30
      25
      41
      39
      28
      29
      30
      27
      37
      31
      40
      37
      18
      34
      23
      37
      37
      38
      25
      25
      26
      35
      18
      19
      28
      20
      28
      22
      33
      32
      32
      21
      43
      26
      26
      35
      39
      39
      30
      27
      23
      26
      35
      26
      27
      25
      32
      33
      33
      25
      37
      28
      22
      29
      31
      25
      27
      32
      22
      35
      31
      28
      29
      35
      29
      37
      22
      25
      30
      38
      33
      29
      27
      33
      29
      35
      38
      31
      32
      36
      26
      29
      27
      30
      22
      30
      34
      31
      34
      30
      29
      28
      34
      20
      38
      23
      40
      25
      31
      34
      29
      24
      33
      30
      21
      37
      32
      27
      19
      28
      27
      21
      27
      26
      36
      32
      27
      31
      27
      32
      39
      33
      17
      36
      29
      22
      24
      34
      28
      29
      26
      29
      27
      31
      41
      33
      32
      21
      27
      20
      22
      29
      29
      30
      25
      37
      25
      28
      25
      33
      28
      27
      27
      33
      23
      30
      24
      39
      37
      24
      25
      34
      36
      32
      40
      21
      29
      29
      23
      31
      23
      36
      22
      22
      27
      24
      34
      29
      25
      29
      37
      33
      26
      33
      42
      24
      26
      22
      30
      25
      30
      24
      25
      33
      27
      28
      23
      35
      29
      37
      28
      19
      34
      30
      31
      34
      29
      18
      16
      24
      29
      40
      36
      27
      29
      37
      30
      28
      25
      18
      33
      27
      33
      31
      31
      27
      27
      39
      37
      39
      39
      32
      23
      22
      31
      29
      24
      29
      27
      33
      40
      35
      38
      34
      31
      32
      29
      29
      36
      28
      26
      27
      30
      31
      32
      40
      35
      39
      24
      28
      38
      37
      32
      37
      35
      20
      30
      25
      33
      31
      36
      42
      27
      37
      30
      25
      23
      38
      27
      29
      38
      33
      40
      25
      30
      38
      21
      30
      48
      32
      37
      27
      28
      40
      36
      25
      40
      30
      34
      39
      35
      21
      33
      31
      34
      25
      21
      22
      31
      26
      22
      21
      32
      32
      39
      37
      22
      33
      29
      22
      30
      29
      34
      31
      33
      34
      40
      23
      38
      30
      36
      27
      33
      33
      35
      30
      24
      33
      31
      34
      35
      32
      39
      23
      31
      33
      27
      41
      35
      30
      40
      38
      27
      35
      23
      27
      26
      29
      31
      34
      34
      36
      41
      28
      33
      43
      43
      26
      37
      32
      38
      26
      30
      31
      51
      43
      27
      22
      20
      33
      31
      36
      29
      36
      29
      27
      44
      33
      26
      20
      40
      35
      26
      33
      24
      33
      30
      35
      35
      28
      29
      27
      31
      26
      36
      45
      30
      31
      32
      41
      28
      37
      35
      23
      37
      37
      37
      33
      36
      30
      33
      30
      25
      38
      30
      29
      25
      40
      35
      31
      30
      38
      23
      42
      35
      37
      40
      31
      30
      42
      34
      30
      37
      37
      41
      41
      33
      37
      35
      27
      22
      30
      41
      39
      34
      32
      32
      37
      41
      29
      26
      31
      24
      38
      35
      43
      34
      27
      35
      42
      31
      28
      24
      34
      25
      25
      36
      29
      37
      35
      31
      30
      23
      32
      43
      29
      27
      33
      20
      44
      32
      29
      32
      33
      25
      36
      31
      36
      29
      27
      46
      37
      36
      41
      32
      33
      33
      24
      29
      35
      36
      33
      29
      27
      30
      32
      39
      25
      31
      33
      36
      41
      26
      37
      35
      30
      29
      40
      27
      35
      31
      26
      26
      23
      33
      27
      40
      40
      41
      31
      36
      34
      36
      29
      38
      29
      37
      41
      34
      35
      32
      30
      29
      27
      30
      30
      37
      31
      24
      27
      29
      34
      29
      36
      30
      36
      24
      33
      33
      39
      39
      35
      27
      28
      32
      40
      38
      29
      28
      30
      18
      31
      38
      31
      29
      44
      38
      36
      28
      32
      29
      35
      28
      40
      32
      30
      30
      32
      30
      30
      27
      29
      34
      33
      38
      30
      24
      32
      35
      29
      34
      38
      39
      37
      27
      39
      44
      21
      37
      34
      26
      44
      34
      37
      42
      40
      43
      29
      26
      34
      21
      26
      32
      41
      40
      40
      32
      40
      37
      28
      36
      40
      43
      45
      36
      33
      34
      37
      30
      32
      40
      35
      36
      34
      43
      33
      42
      37
      42
      38
      35
      37
      32
      37
      26
      31
      44
      41
      30
      36
      39
      40
      34
      41
      47
      31
      34
      26
      31
      33
      27
      30
      33
      28
      48
      33
      55
      38
      37
      26
      37
      40
      28
      36
      43
      39
      37
      28
      38
      41
      40
      47
      41
      41
      28
      34
      34
      28
      31
      44
      31
      28
      23
      34
      39
      35
      40
      46
      31
      54
      50
      43
      33
      38
      34
      38
      39
      25
      37
      49
      37
      28
      40
      31
      36
      43
      37
      48
      38
      36
      28
      37
      46
      36
      25
      37
      27
      33
      46
      41
      42
      34
      31
      30
      45
      38
      41
      33
      41
      42
      33
      38
      46
      44
      29
      35
      36
      41
      36
      45
      27
      44
      32
      32
      23
      33
      38
      30
      38
      40
      39
      31
      44
      39
      47
      29
      29
      37
      50
      37
      39
      30
      37
      44
      41
      29
      36
      49
      40
      50
      36
      38
      43
      36
      42
      31
      43
      48
      30
      29
      34
      34
      35
      37
      40
      39
      40
      32
      40
      39
      32
      37
      45
      31
      27
      38
      47
      46
      44
      38
      30
      43
      49
      31
      48
      42
      29
      38
      38
      40
      34
      32
      43
      33
      40
      51
      46
      42
      48
      33
      36
      35
      37
      46
      44
      42
      25
      47
      41
      42
      39
      41
      37
      31
      25
      38
      36
      41
      42
      45
      35
      45
      41
      35
      50
      42
      28
      41
      46
      36
      46
      39
      38
      35
      43
      35
      44
      39
      33
      41
      32
      37
      44
      37
      45
      37
      52
      35
      35
      44
      46
      27
      35
      42
      36
      41
      20
      53
      39
      39
      40
      41
      36
      55
      48
      40
      35
      43
      29
      56
      35
      48
      49
      35
      47
      49
      42
      37
      46
      38
      48
      38
      46
      47
      44
      48
      44
      40
      49
      43
      49
      44
      44
      36
      40
      53
      35
      37
      43
      41
      41
      44
      40
      38
      41
      52
      38
      43
      30
      45
      54
      53
      34
      41
      32
      40
      46
      49
      52
      46
      35
      43
      51
      42
      50
      39
      45
      39
      37
      35
      44
      46
      39
      44
      43
      39
      52
      40
      61
      39
      34
      38
      33
      41
      45
      48
      44
      44
      35
      50
      33
      51
      42
      42
      49
      43
      59
      57
      47
      35
      57
      42
      47
      40
      51
      49
      48
      51
      51
      50
      55
      35
      53
      50
      38
      55
      50
      35
      46
      46
      54
      39
      59
      40
      41
      47
      39
      45
      57
      60
      41
      57
      59
      50
      49
      37
      36
      47
      40
      24
      43
      48
      41
      50
      46
      48
      44
      54
      32
      51
      44
      52
      51
      63
      34
      43
      34
      45
      55
      51
      50
      59
      46
      37
      59
      39
      43
      44
      54
      55
      48
      47
      46
      51
      46
      44
      52
      37
      29
      42
      44
      45
      53
      50
      46
      47
      55
      48
      46
      44
      56
      42
      57
      70
      52
      45
      47
      54
      44
      38
      53
      50
      46
      40
      48
      67
      50
      31
      53
      49
      50
      36
      49
      38
      46
      38
      46
      44
      43
      50
      37
      43
      40
      48
      29
      42
      43
      44
      41
      39
      38
      41
      59
      43
      39
      41
      51
      48
      37
      36
      36
      30
      31
      36
      49
      40
      42
      38
      57
      39
      39
      39
      47
      46
      28
      31
      37
      34
      47
      43
      33
      46
      43
      44
      38
      40
      33
      40
      37
      42
      42
      34
      30
      27
      37
      38
      34
      48
      33
      46
      40
      36
      38
      33
      40
      39
      36
      41
      37
      33
      51
      32
      41
      23
      40
      36
      36
      38
      34
      32
      37
      35
      33
      45
      36
      34
      44
      39
      40
      40
      44
      30
      35
      30
      29
      41
      53
      45
      28
      29
      41
      51
      45
      48
      38
      36
      36
      38
      35
      38
      31
      32
      29
      31
      33
      37
      32
      34
      38
      41
      33
      45
      34
      52
      39
      42
      32
      45
      40
      34
      41
      43
      38
      27
      30
      45
      37
      40
      41
      54
      25
      47
      33
      40
      28
      28
      34
      47
      27
      36
      24
      36
      34
      30
      45
      38
      45
      32
      39
      45
      38
      38
      31
      24
      37
      25
      34
      25
      35
      33
      43
      32
      46
      40
      35
      38
      35
      36
      40
      45
      36
      30
      34
      39
      37
      29
      32
      38
      39
      33
      45
      28
      50
      30
      38
      29
      31
      34
      32
      24
      38
      31
      43
      38
      28
      32
      32
      33
      30
      33
      48
      39
      28
      41
      32
      30
      31
      34
      27
      40
      27
      31
      38
      35
      33
      32
      34
      37
      37
      31
      26
      35
      41
      40
      47
      36
      38
      30
      38
      32
      37
      39
      39
      33
      38
      39
      34
      26
      27
      27
      45
      37
      41
      40
      39
      42
      23
      26
      25
      37
      28
      28
      26
      24
      30
      30
      32
      38
      29
      47
      30
      37
      32
      30
      26
      24
      38
      28
      34
      30
      24
      28
      40
      36
      28
      39
      28
      30
      38
      36
      34
      38
      37
      33
      24
      33
      32
      40
      36
      36
      35
      30
      27
      27
      43
      34
      30
      31
      34
      37
      26
      25
      31
      33
      28
      34
      33
      27
      28
      32
      34
      28
      31
      26
      35
      39
      33
      32
      38
      32
      37
      29
      38
      40
      35
      35
      34
      44
      23
      22
      30
      35
      38
      45
      30
      42
      27
      27
      29
      34
      33
      34
      29
      22
      31
      27
      32
      32
      27
      37
      38
      41
      33
      31
      29
      37
      26
      28
      41
      30
      36
      30
      35
      39
      36
      31
      38
      40
      30
      34
      38
      25
      28
      41
      29
      38
      25
      35
      35
      33
      35
      30
      29
      46
      33
      40
      26
      39
      29
      42
      23
      46
      36
      38
      31
      25
      36
      31
      37
      26
      27
      24
      29
      35
      27
      30
      29
      30
      22
      30
      27
      42
      23
      47
      32
      31
      30
      33
      37
      45
      29
      38
      24
      42
      33
      30
      30
      33
      39
      44
      29
      30
      37
      28
      27
      36
      34
      39
      38
      45
      37
      41
      29
      34
      30
      33
      29
      28
      29
      37
      38
      28
      36
      30
      42
      29
      27
      38
      37
      40
      39
      47
      26
      38
      32
      32
      36
      36
      26
      39
      31
      36
      35
      39
      26
      33
      30
      29
      31
      30
      44
      27
      28
      39
      45
      40
      34
      38
      41
      36
      39
      33
      36
      44
      33
      42
      36
      31
      34
      44
      34
      20
      27
      34
      37
      35
      37
      42
      30
      34
      35
      32
      35
      34
      42
      33
      40
      41
      34
      33
      51
      44
      40
      37
      36
      39
      46
      46
      48
      31
      25
      31
      32
      33
      42
      35
      39
      42
      39
      36
      23
      36
      40
      39
      46
      36
      33
      36
      33
      35
      44
      35
      38
      34
      34
      42
      35
      40
      40
      45
      36
      39
      26
      27
      34
      35
      33
      25
      27
      38
      38
      38
      38
      26
      31
      39
      22
      25
      27
      31
      35
      19
      26
      30
      29
      30
      33
      19
      39
      22
      25
      29
      32
      32
      29
      21
      31
      25
      29
      25
      33
      28
      23
      34
      39
      26
      36
      31
      27
      28
      29
      27
      32
      32
      17
      19
      19
      23
      28
      21
      19
      25
      32
      25
      12
      24
      16
      29
      28
      38
      31
      38
      28
      25
      24
      21
      21
      27
      29
      27
      24
      15
      30
      30
      30
      28
      25
      27
      16
      26
      29
      30
      18
      27
      25
      36
      32
      18
      28
      36
      32
      25
      23
      19
      31
      19
      26
      31
      23
      22
      28
      22
      25
      30
      27
      28
      26
      24
      29
      23
      20
      31
      29
      32
      22
      33
      38
      27
      34
      25
      35
      21
      27
      24
      30
      25
      32
      28
      33
      30
      26
      24
      25
      31
      27
      26
      26
      27
      26
      24
      29
      28
      28
      36
      19
      22
      28
      28
      36
      31
      36
      35
      25
      30
      19
      37
      22
      24
      21
      26
      23
      33
      27
      24
      31
      29
      33
      29
      31
      37
      31
      31
      38
      40
      29
      35
      42
      28
      46
      42
      37
      44
      64
      89
     153
     242
     334
     481
     685
     922
    1207
    1375
    1603
    1673
    1565
    1421
    1124
     826
     576
     394
     313
     255
     215
     204
     194
     195
     177
     154
     160
     142
     150
     146
     165
     112
     145
     127
     123
     107
     113
      87
      96
      78
      67
      54
      40
      50
      51
      40
      44
      32
      32
      32
      32
      32
      23
      33
      24
      27
      28
      26
      27
      29
      26
      15
      19
      13
      20
      15
      15
      19
      20
      23
      26
      19
      20
      31
      22
      18
      20
      15
      19
      20
      18
      18
      21
      28
      30
      14
      14
      15
      16
      23
      14
      11
      23
      14
      20
      16
      24
      23
      24
      13
      12
      26
      20
      13
      21
      14
      17
      12
      18
      21
      15
      15
      14
      14
      15
      22
      19
      17
      15
      16
      23
      17
      10
      13
      10
      13
      11
      14
      18
      14
      18
      11
      13
      11
      16
      17
      14
      16
      18
      13
       9
      21
      20
      20
       8
       9
      12
      14
      16
      17
      20
      20
      23
      10
      14
      15
      20
      16
      14
      19
      14
      10
      12
      16
      12
      16
      13
      17
      28
      17
      17
      11
      12
      11
      16
      18
      16
       7
      19
      17
      16
       6
      19
       8
      19
      14
      12
      18
      10
       9
      13
      12
      12
      18
      16
      14
      13
      15
      12
      11
      17
      16
      15
      12
      17
      13
       5
      16
      10
      14
      16
      12
       9
      14
      15
      13
      15
      14
      14
      14
      12
      14
      15
      13
       9
      12
       8
      18
      13
       7
       9
      10
      12
      13
       7
      15
      11
      12
      10
      25
       6
       7
      17
      10
      17
      15
      13
      18
      14
       7
      10
      12
      16
      18
      11
      18
      14
       9
      12
      12
      16
      11
      14
      22
      15
       9
      16
      10
      10
      11
      12
      19
       8
      15
      10
      10
      14
      10
      11
      10
      11
      11
      14
       8
      14
       7
      10
       8
       9
      14
      12
      15
      10
      10
       9
       9
      10
      13
      15
      13
      13
       8
      11
      13
      16
      10
      20
       9
      11
       5
       4
      10
      16
       9
       7
       6
       6
      13
      10
       9
      10
      12
      14
       8
      11
       6
       9
       4
      12
       6
       7
       8
       4
      11
      13
      10
      12
      10
      18
      10
      12
       9
       8
      14
       8
      13
      13
       9
      13
      11
      19
      11
      11
      10
      16
      11
      12
      13
      10
      16
      11
       7
      12
      11
      13
       9
      15
       7
       8
      10
      13
       7
      16
      10
       8
      15
       5
      15
       8
       6
      11
       5
       7
      13
      13
       6
      11
       7
       6
       9
       8
       7
      12
       6
       3
      12
       8
       7
       5
       8
       8
      10
      13
      10
       9
      17
      10
      16
      15
      10
      15
      11
      11
      12
      13
      14
      11
      11
      10
      12
       9
      14
       7
       9
       9
      11
       9
       8
      16
       8
       6
      18
       7
      19
       7
       8
      11
      12
       8
       8
      12
      12
      10
      14
       6
       9
      12
       6
      10
      12
      14
       9
      15
      11
      15
      13
       9
      13
      12
      17
      13
      15
       9
      12
      13
      14
      12
      13
       6
       7
      10
      19
      12
      11
      11
      11
      13
      11
      11
      14
      15
       8
      13
      16
      12
      13
      10
      12
      10
      11
      12
      13
      10
      14
      16
      13
      12
      13
       7
       8
       9
      14
      16
       4
      16
      10
      10
      11
      13
      17
      11
      13
       9
      13
      13
      12
       6
      11
      17
      20
       8
       8
      17
       8
      12
      13
      12
      11
      11
      10
      12
      10
      13
      10
       8
      14
      12
      10
      12
      14
      13
       6
      13
       8
      13
       8
      15
      12
      16
      17
       9
      12
      14
      12
      15
      13
      15
      11
      10
      18
      15
      15
       7
      11
      14
      16
      20
      18
      10
      11
      10
      14
      16
      20
      14
      20
      19
      14
      19
      17
      21
      18
      17
      20
      21
      19
      17
      15
      19
      39
      46
      36
      70
      85
     157
     223
     305
     457
     626
     846
     986
    1157
    1229
    1373
    1343
    1286
    1002
     871
     626
     469
     340
     213
     193
     185
     140
     159
     118
     141
     155
     129
     126
     140
     116
     116
     111
     104
     105
      84
      88
      97
      66
      64
      51
      57
      40
      42
      35
      29
      26
      31
      24
      17
      26
      19
      20
      14
      16
       7
      14
      16
      16
      18
      15
      10
      11
       9
      11
      12
       8
      14
       4
      11
       4
       8
       6
       2
       6
       8
      10
       8
       9
      10
       5
      11
       5
      15
       8
       7
       8
       6
      10
       7
       6
       3
       6
       9
       7
       6
       8
       9
       6
       4
      10
       7
       9
       8
       7
       4
       9
       3
       6
       3
       6
       4
       7
       5
       7
       4
       6
       6
       7
      10
       9
       8
       6
       3
       5
       6
       5
       7
       8
      10
       8
       7
       8
       7
       3
       5
       8
       4
       9
       5
       7
       8
       9
       7
      12
       5
       5
       7
       9
       8
       4
       5
       1
       7
       6
       5
       7
       8
       8
       3
       3
      14
       9
       5
       6
       3
       6
       6
       9
       6
       5
       5
       5
       5
       4
      10
       5
       9
       5
       3
       9
       8
       3
       5
       6
       5
       7
       7
       3
       5
       9
       8
       2
       2
       6
       7
       4
       9
       4
       7
       4
       7
       4
       5
       8
       5
      10
       8
       8
       4
       5
       5
       7
       7
       4
       4
      10
      10
       3
       8
       3
       7
       6
      12
       5
       9
       6
       9
       5
       3
       5
       8
       7
       1
      10
       4
       2
       6
       7
       4
       2
       6
       5
       8
       4
       9
       7
       4
       7
       5
       5
       3
      11
       8
       7
       5
       9
       7
       8
       6
       8
       6
       7
       5
       3
      10
       8
       4
      12
       5
      10
       7
       5
      10
       7
       3
       3
       4
       8
       9
       7
       4
       5
       3
       8
       5
       6
       5
       4
       7
      11
       5
       8
       5
       5
       6
       6
      11
       7
       5
       4
       8
      12
      10
       8
       6
       3
       6
       7
       1
       5
       8
       7
       3
       6
       5
       2
       1
       7
       8
       5
       9
       4
       9
       4
       5
       5
       7
       8
       2
       1
       7
       7
       4
       7
       4
       2
       6
       3
      12
       6
       5
       7
       5
       3
       8
       7
       4
       8
       7
       8
       7
       7
       6
       5
       4
       9
       7
      10
       5
       7
       5
       8
       5
       6
       6
       3
       3
      12
       6
       5
       8
       4
       6
       4
      11
       1
       5
       5
       3
       1
       4
       8
       7
       4
       5
       5
      10
       6
       7
       5
       2
       2
       5
       4
       5
       9
       7
       8
       3
       5
       8
       3
       7
      10
       3
       7
       9
       6
       5
       6
       6
       5
       7
      10
       8
       2
       8
       2
       8
       3
       6
       4
       6
       6
       3
       8
       8
       8
       7
       6
       7
       5
       9
       7
       7
       7
       5
       8
       3
      11
       7
       8
       8
       7
       8
       3
       8
       5
      12
       9
       6
       4
       7
       6
       7
       5
       6
       7
       6
       6
       7
      10
       3
       5
       1
       2
       6
      10
       2
       6
       5
       5
       9
       8
       8
       5
      17
      18
      27
      41
      53
      66
      81
     101
     134
     142
     158
     181
     150
     110
     108
      78
      67
      53
      51
      26
      30
      37
      22
      20
      24
      19
      21
      21
      20
      15
      21
      16
      13
      22
      16
      17
      14
       8
       8
      14
      11
       8
       6
       8
       6
       8
       7
       5
       5
       5
       8
       6
       5
       2
       9
       9
       4
      10
       2
       2
       5
       2
       3
       1
       7
       3
       8
       7
       9
       5
       5
       3
       5
       3
       3
       5
       3
       1
       5
       3
       6
       5
       9
       3
       8
       5
       9
       1
       3
       0
       7
       4
       4
       3
       1
       1
       5
       4
       2
       2
       5
       6
       3
       6
       2
       3
       4
       6
       3
       5
       5
       5
       6
       5
       5
       6
       7
       3
       2
       2
       6
       6
       6
       7
       3
       6
       4
       6
       4
       3
       4
       2
       4
       4
       9
       5
       4
       4
       6
       6
       2
       2
       3
       9
       0
       3
       3
       5
       6
       7
       4
       2
       4
       5
       2
       2
       9
       4
       4
       3
       3
       3
       5
       6
       2
       2
       3
       8
       3
       0
       5
       2
       3
       2
       4
       7
       4
       3
       6
       5
       7
       7
       4
       4
       6
       2
       5
       4
       4
       5
       7
       7
       7
       6
       5
       3
       5
       3
       4
       2
       7
       2
       3
       5
       7
       6
       3
       3
       8
       4
       3
       5
       6
       4
       1
       3
       8
       6
       2
       3
       7
       5
       4
       3
       3
       1
       7
       2
       7
       6
       6
       4
       4
       8
       7
       5
       4
       8
       7
       3
       3
       5
       8
       6
       7
       3
       5
       2
       4
       7
       4
       3
       3
       0
       2
       6
       4
       2
       4
       3
       5
       6
       6
       5
       2
       4
       3
       4
       4
       3
       1
       5
       2
       2
       2
       1
       4
       9
       1
       3
       6
       6
       0
       2
       4
       4
       1
       5
       2
       2
       3
       4
       5
       3
       2
       3
       5
       7
       2
      11
       8
       9
       2
       6
       1
       4
       5
       6
       3
       6
       5
       4
       3
       4
       5
       3
       3
       9
       4
       3
       2
       3
       3
       4
       2
       5
       6
       1
       3
       5
       3
       6
       4
       6
       1
       5
       6
       5
       6
       6
       6
       0
       1
       4
       9
       2
       3
       3
       1
       5
      10
       0
       2
       4
       6
       3
       3
       1
       3
       4
       3
       4
       2
       2
       4
       5
       4
       4
       7
       4
       3
       5
       6
       4
       2
       4
       3
       4
       3
       3
       3
       1
       3
       4
       4
       7
      10
       6
       4
       9
       7
       4
       4
       9
       4
       6
       6
       5
       5
       6
       4
       1
       5
       5
       7
       4
       2
       4
       6
       4
       4
       7
       3
       4
       6
       3
       3
       7
       3
       6
       6
       2
       1
       0
       4
       2
       3
       5
       6
       3
       7
       3
       6
       4
       6
       7
       2
       2
       3
       4
       2
       4
       0
       5
       6
       4
       1
       5
       9
       3
       4
       4
       4
       3
       4
       5
       3
       4
       5
       9
       3
       3
       4
       3
       7
       3
       9
       4
       2
       6
       6
       7
       4
       8
       4
       7
       3
       9
       4
       2
       2
       2
       8
       3
      10
       3
       7
       3
       3
       2
       3
       1
       7
       5
       2
       4
       7
       2
       4
       2
       5
       2
       5
       3
       2
       1
       4
       8
       7
       4
       4
       5
       1
       4
       2
       3
       6
       5
       4
       6
       5
       5
       4
       5
       4
       4
       3
       2
       2
       5
       0
       3
       2
       4
       3
       2
       2
       4
       2
       2
       4
       4
       8
       3
       5
       4
       0
       4
       4
       5
       8
       4
      10
       5
       5
       6
       6
       5
       3
       3
       3
       4
       6
       9
       5
       4
       3
       2
       8
       6
       4
       4
       3
       3
       1
       6
       4
       5
       5
       2
       3
       3
       1
       3
       5
      10
       2
       4
       3
       2
       2
       5
       3
       6
       3
       4
       6
       2
       2
       0
       3
       5
       4
       2
       1
       7
       3
       3
       9
       5
       3
       3
       7
       7
       2
       5
       1
       7
       1
       6
       4
       7
       3
       5
       1
       4
       1
       2
       4
       7
       4
       3
       5
       6
       4
       2
       1
       3
       7
       3
       7
       6
       3
       5
       4
       4
       2
       4
       5
       4
       3
       3
       7
       2
       5
       2
       5
       4
       5
       8
       3
       2
       2
       1
       5
       2
       5
       3
       3
       6
       4
       5
       3
       5
       6
       4
       4
       4
       2
       2
       3
       4
       1
       3
       2
       4
       5
       4
       1
       6
       3
       4
       0
       7
       4
       3
       4
       4
       3
       4
       4
       3
       6
       7
       3
       8
       2
       7
       5
       4
       1
       3
       2
       5
       1
       6
       5
       0
       4
       2
       5
       1
       1
       2
       6
       2
       3
       2
       7
       8
       6
       7
       4
       3
       2
       3
       1
       0
       3
       1
       2
       4
       2
       2
       7
       1
       4
       3
       3
       3
       3
       5
       3
       6
       4
       2
       2
       1
       8
       2
       4
       4
       4
       2
       2
       3
       2
       2
       5
       4
       9
       7
       3
       1
       8
       4
       4
       5
       1
       3
       6
       3
       5
       3
       2
       5
       2
       3
       3
       7
       2
       0
       7
       5
       1
       4
       4
       4
       7
       5
       4
       3
       4
       4
       8
       5
       0
       3
       4
      11
       0
       7
       2
       2
       2
       2
       1
       5
       3
       4
       3
       3
       3
       2
       3
       3
       8
       5
       3
       4
       4
       1
       5
       1
       3
       2
       3
       4
       3
       1
       3
       5
       2
       1
       5
       2
       4
       5
       3
       0
       0
       3
       2
       6
       4
       2
       3
       3
       3
       4
       7
       5
       2
       2
       3
       1
       6
       4
       4
       2
       5
       2
       2
       9
       4
       3
       1
       4
       4
       3
       5
       4
       5
       2
       1
       5
       2
       5
       3
       3
       5
       1
       1
       3
       6
       3
       4
       0
       1
       5
       3
       5
       2
       3
       1
       0
       3
       3
       4
       4
       2
       4
       6
       4
       1
       1
       4
       3
       3
       3
       6
       6
       4
       2
       3
       2
       4
       3
       4
       4
       2
       4
       3
       2
       6
       1
       9
       2
       5
       2
       2
       7
       4
       4
       0
       2
       4
       2
       2
       5
       3
       1
       1
       2
       4
       1
       2
       6
       5
       5
       4
       5
       4
       4
       4
       8
       4
       4
       2
       4
       3
       2
       3
       6
       3
       2
       4
       5
       7
       7
       5
       2
       3
       2
       1
       4
       2
       4
       1
       0
       2
       8
       5
       5
       5
       5
       2
       9
       0
       3
       2
       3
       2
       1
       2
       2
       7
       4
       1
       4
       6
       3
       5
       7
       2
       1
       5
       2
       5
       0
       1
       1
       4
       6
       3
       4
       3
       5
       6
       4
       3
       3
       4
       7
       3
       5
       4
       7
       3
       1
       3
       2
       2
       1
       1
       4
       3
       4
       7
       3
       1
       3
       3
       3
       1
       1
       4
       7
       1
       2
       4
       2
       2
       5
       4
       4
       4
       3
       3
       4
       1
       2
       4
       3
       3
       4
       2
       5
       4
       4
       1
       4
       2
       4
       5
       3
       3
       2
       6
       3
       5
       2
       1
       3
       7
       2
       1
       3
       3
       0
       3
       4
       3
       3
       2
       3
       3
       3
       2
       5
       4
       7
       3
       0
       3
       6
       2
       4
       2
       3
       4
       3
       2
       2
       4
       8
       0
       3
       3
       5
       2
       6
       2
       3
       2
       6
       7
       5
       6
      10
       8
       8
       5
      11
       9
       3
       4
       1
       5
       2
       4
       3
       5
       2
       2
       7
       2
       3
       7
       3
       8
       1
       4
       8
       4
       6
       2
       6
       4
       3
       4
       2
       5
       4
       4
       0
       5
       5
       4
       4
       3
       5
       1
       5
       4
       4
       2
       6
       3
       3
       1
       1
       0
       1
       5
       3
       3
       3
       1
       8
       1
       4
       1
       2
       1
       6
       5
       4
       4
       2
       2
       3
       4
       3
       5
       5
       1
       3
       4
       7
       2
       4
       1
       1
       2
       3
       1
       6
       2
       4
       4
       1
       2
       5
       3
       1
       3
       1
       2
       5
       6
       3
       1
       5
       3
       4
       3
       2
       2
       2
       4
       3
       2
       2
       1
       2
       6
       4
       8
       3
       2
       2
       1
       3
       2
       4
       2
       1
       2
       5
      10
       2
       1
       3
       3
       3
       5
       4
       0
       6
       3
       0
       2
       7
       0
       2
       2
       5
       2
       1
       4
       2
       2
       4
       3
       1
       2
       4
       6
       4
       6
       1
       1
       0
       2
       5
       4
       3
       2
       4
       2
       2
       1
       3
       2
       2
       4
       1
       3
       2
       4
       2
       2
       1
       5
       3
       0
       2
       2
       3
       4
       3
       2
       4
       1
       3
       3
       3
       2
       2
       0
       2
       4
       4
       7
       3
       1
       2
       3
       8
       4
       2
       0
       4
       1
       0
       1
       2
       5
       2
       1
       1
       4
       4
       4
       3
       6
       3
       3
       5
       2
       3
       2
       4
       2
       1
       5
       1
       1
       4
       2
       5
       4
       1
       4
       2
       3
       7
       5
       5
       3
       5
       2
       2
       5
       2
       2
       2
       4
       2
       3
       3
       3
       1
       4
       3
       2
       2
       2
       3
       7
       4
       4
       4
       8
       3
       2
       1
       2
       5
       3
       1
       4
       4
       2
       2
       0
       5
       4
       3
       2
       3
       5
       1
       2
       4
       4
       2
       4
       3
       4
       2
       6
       2
       3
       3
       5
       4
       3
       2
       2
       4
       8
       3
       2
       1
       6
       2
       5
       4
       5
       5
       1
       1
       1
       2
       1
       2
       1
       3
       3
       1
       2
       4
       6
       2
       3
       5
       4
       2
       5
       3
       1
       5
       3
       6
       6
       1
       0
       1
       0
       1
       1
       1
       1
       2
       1
       1
       2
       3
       5
       2
       3
       3
       0
       2
       2
       3
       3
       6
       1
       4
       2
       4
       3
       2
       1
       5
       3
       1
       2
       2
       3
       4
       2
       3
       3
       2
       3
       0
       1
       5
       0
       3
       5
       1
       2
       3
       0
       3
       5
       2
       8
       4
       1
       1
       1
       3
       2
       2
       3
       5
       5
       5
       4
       3
       5
       0
       3
       2
       1
       4
       3
       2
       3
       4
       2
       4
       5
       2
       4
       7
       3
       1
       4
       1
       3
       5
       3
       1
       5
       3
       2
       1
       2
       2
       5
       2
       2
       3
       0
       1
       3
       0
       6
       3
       3
       5
       2
       1
       1
       3
       3
       4
       3
       3
       4
       4
       6
       4
       5
       1
       5
       0
       1
       3
       2
       2
       1
       3
       2
       1
       2
       3
       3
       4
       0
       1
       2
       3
       2
       4
       2
       5
       2
       3
       3
       5
       1
       2
       2
       5
       0
       2
       4
       1
       3
       0
       2
       5
       2
       3
       1
       3
       4
       2
       6
       3
       3
       3
       3
       3
       2
       1
       5
       2
       1
       1
       5
       0
       4
       3
       3
       2
       5
       2
       3
       3
       1
       5
       2
       4
       2
       1
       2
       1
       1
       2
       2
       5
       1
       2
       3
       9
       7
       3
       1
       5
       5
       2
       1
       4
       6
       6
       5
       2
       2
       3
       6
       5
       4
       2
       4
       3
       0
       3
       4
       2
       4
       4
       3
       1
       1
       0
       3
       3
       1
       6
       3
       3
       4
       6
       3
       3
       5
       2
       3
       2
       1
       5
       3
       1
       2
       1
       4
       4
       4
       2
       5
       2
       4
       1
       1
       6
       5
       5
       2
       6
       3
       3
       3
       2
       4
       1
       4
       5
       5
       3
       4
       3
       4
       3
       2
       6
       2
       7
       4
       2
       2
       6
       2
       1
       4
       2
       2
       8
       4
       2
       2
       1
       2
       1
       4
       1
       3
       1
       2
       4
       5
       6
       1
       8
       3
       1
       1
       2
       1
       5
       1
       3
       1
       2
       3
       4
       5
       1
       1
       8
       3
       1
       5
       3
       1
       1
       1
       2
       2
       2
       3
       4
       5
       3
       4
       4
       2
       4
       1
       3
       1
       5
       3
       2
       5
       2
       2
       2
       2
       1
       5
       3
       3
       2
       5
       4
       3
       4
       6
       1
       5
       3
       4
       5
       5
       4
       1
       1
       2
       3
       2
       4
       2
       3
       0
       4
       0
       3
       2
       2
       1
       0
       0
       4
       2
       1
       4
       1
       4
       5
       1
       3
       3
       4
       2
       4
       2
       3
       4
       4
       1
       1
       3
       4
       4
       4
       3
       0
       6
       2
       1
       5
       0
       5
       4
       2
       5
       4
       3
       1
       3
       4
       4
       3
       3
       3
       4
       1
       3
       4
       2
       6
       2
       6
       2
       1
       1
       1
       0
       2
       5
       4
       3
       0
       1
       4
       4
       3
       3
       1
       1
       3
       2
       1
       4
       3
       3
       6
       4
       2
       5
       1
       3
       0
       3
       3
       2
       3
       1
       1
       2
       2
       3
       2
       5
       1
       1
       0
       3
       4
       3
       2
       1
       4
       2
       1
       2
       3
       6
       3
       2
       1
       1
       4
       1
       2
       2
       2
       5
       4
       2
       2
       2
       1
       5
       2
       3
       1
       3
       5
       3
       6
       5
       4
       9
       2
       0
       3
       4
       1
       3
       4
       5
       4
       3
       3
       3
       2
       1
       4
       3
       4
       3
       4
       7
       7
       1
       2
       6
       2
       3
       2
       2
       4
       1
       2
       4
       5
       2
       3
       5
       2
       4
       2
       2
       3
       7
       3
       3
       5
       2
       6
       2
       4
       3
       3
       6
       1
       2
       1
       3
       2
       3
       3
       3
       2
       2
       2
       1
       4
       1
       6
       3
       7
       4
       1
       7
       3
       2
       2
       3
       1
       2
       1
       4
       5
       3
       3
       4
       3
       4
       2
       2
       5
       1
       1
       1
       1
       4
       1
       0
       1
       1
       2
       1
       3
       3
       2
       1
       1
       2
       1
       3
       2
       4
       2
       3
       5
       4
       4
       3
       1
       1
       4
       2
       4
       4
       3
       4
       0
       3
       2
       1
       2
       3
       2
       3
       3
       1
       3
       3
       3
       2
       1
       3
       3
       1
       4
       0
       2
       3
       2
       1
       1
       2
       5
       0
       5
       4
       1
       2
       2
       4
       4
       5
       4
       3
       3
       1
       3
       2
       5
       3
       4
       5
       0
       2
       4
       2
       6
       1
       0
       3
       7
       1
       1
       6
       4
       4
       2
       2
       2
       2
       4
       2
       4
       4
       2
       0
       2
       3
       6
       2
       2
       3
       0
       3
       2
       1
       6
       1
       4
       1
       1
       4
       3
       1
       1
       3
       4
       3
       5
       2
       1
       1
       1
       1
       4
       3
       3
       3
       1
       5
       3
       1
       4
       1
       0
       5
       0
       3
       3
       4
       3
       0
       1
       3
       5
       3
       1
       0
       2
       2
       3
       4
       4
       2
       2
       1
       2
       3
       1
       4
       6
       1
       3
       1
       1
       1
       2
       5
       4
       6
       6
       4
       0
       1
       2
       5
       3
       5
       5
       0
       3
       2
       4
       3
       4
       1
       3
       3
       1
       4
       2
       4
       0
       4
       1
       5
       3
       2
       1
       3
       3
       4
       2
       4
       4
       2
       4
       3
       1
       0
       3
       3
       5
       3
       1
       4
       3
       3
       3
       3
       4
       0
       2
       3
       1
       3
       4
       6
       4
       6
       3
       2
       2
       4
       4
       6
       3
       0
       0
       4
       3
       2
       7
       2
       3
       2
      10
       3
       3
       1
       2
       1
       8
       6
       4
       0
       1
       2
       2
       3
       1
       4
       4
       1
       2
       3
       2
       4
       1
       4
       3
       2
       6
       4
       6
       0
       4
       4
       5
       1
       1
       0
       6
       1
       3
       3
       2
       4
       0
       6
       0
       4
       2
       3
       4
       3
       0
       2
       3
       4
       3
       5
       2
       2
       2
       4
       6
       3
       1
       3
       3
       2
       8
       3
       3
       4
       3
       1
       5
       1
       2
       6
       2
       5
       2
       1
       3
       1
       3
       5
       2
       0
       4
       2
       3
       3
       2
       1
       7
       2
       3
       2
       7
       4
       6
       2
       2
       3
       4
       6
       2
       5
       0
       3
       6
       3
       4
       4
       3
       1
       3
       2
       4
       5
       5
       6
       3
       2
       1
       2
       2
       4
       2
       3
       3
       3
       2
       2
       2
       0
       3
       3
       1
       4
       1
       2
       2
       2
       1
       5
       1
       1
       0
       1
       2
       0
       6
       4
       3
       4
       1
       3
       2
       2
       1
       6
       2
       4
       2
       1
       4
       2
       0
       1
       2
       2
       1
       2
       3
       2
       7
       3
       3
       0
       2
       2
       5
       4
       1
       1
       1
       6
       1
       1
       0
       5
       4
       1
       0
       5
       4
       4
       1
       4
       5
       3
       4
       2
       1
       1
       1
       4
       2
       2
       1
       4
       3
       4
       5
       3
       2
       2
       2
       3
       1
       3
       4
       4
       2
       2
       2
       3
       3
       7
       4
       2
       3
       3
       6
       4
       4
       1
       3
       3
       1
       5
       3
       1
       3
       5
       1
       2
       2
       2
       3
       4
       4
       3
       2
       0
       6
       2
       4
       2
       3
       5
       3
       2
       2
       2
       2
       1
       2
       2
       1
       3
       2
       2
       2
       1
       2
       5
       3
       4
       5
       3
       0
       2
       2
       1
       1
       2
       1
       3
       3
       0
       0
       0
       0
       0
       0
       0
       0
       0
       0
       0
       0
       0
       0
       0
       0
       0
       0
       0
       0
       0
       0
       0
       0
       0
       0
       0
       0
       0
       0
       0
       0
       0
       0
       0
       0
       0
       0
       0
       0
       0
       0
       0
       0
       0
       0
       0
       0
       0
       0
       0
       0
       0
       0
       0
       0
       0
       0
       0
       0
       0
       0
       0
       0
       0
       0
       0
       0
       0
       0
       0
       0
       0
       0
       0
       0
       0
       0
       0
       0
       0
       0
       0
       0
       0
       0
       0
       0
       0
       0
       0
       0
       0
       0
       0
       0
       0
       0
       0
       0
       0
       0
       0
       0
       0
       0
       0
       0
       0
       0
       0
       0
       0
       0
       0
       0
       0
       0
       0
       0
       0
       0
       0
       0
       0
       0
       0
       0
$ROI:
1
4813 5086
$PRESETS:
Live Time
450
0
$ENER_FIT:
0.000000 0.268968
$MCA_CAL:
3
0.000000E+000 2.689681E-001 0.000000E+000 keV
$SHAPE_CAL:
3
9.660366E+000 0.000000E+000 0.000000E+000
