$SPEC_ID:
No sample description was entered.
$SPEC_REM:
DET# 1
DETDESC# NOISEPC Easy-MCA-8k SN 12310217
AP# Maestro Version 7.01
$DATE_MEA:
06/16/2022 13:56:37
$MEAS_TIM:
317 321
$DATA:
0 8191
       0
       0
       0
       0
       0
       0
       0
       0
       1
       0
       0
       0
       0
       0
       0
       0
       0
       0
       0
       0
       0
       0
       0
       0
       0
       0
       0
       0
       0
       0
       0
       0
       0
       0
       0
       0
       0
       0
       0
       0
       0
       0
       0
       0
       0
       0
       0
       0
       0
       0
       0
       0
       0
       0
       0
       0
       0
       0
       1
       0
       0
       1
       2
       2
       1
       4
      17
      67
      69
      67
      81
      64
      66
      63
      69
      63
      66
      58
      78
      62
      71
      48
      70
      75
      68
      54
      66
      60
      66
      63
      55
      52
      55
      68
      53
      61
      53
      63
      56
      53
      41
      49
      63
      62
      56
      49
      71
      54
      46
      62
      47
      49
      51
      42
      59
      63
      50
      53
      55
      55
      64
      64
      62
      45
      59
      40
      61
      41
      60
      47
      51
      60
      48
      49
      53
      60
      45
      58
      38
      57
      43
      46
      55
      40
      39
      46
      49
      46
      43
      51
      45
      52
      53
      46
      51
      48
      44
      44
      41
      50
      58
      52
      49
      49
      42
      41
      49
      50
      52
      34
      52
      46
      53
      30
      30
      49
      47
      43
      53
      46
      52
      34
      41
      43
      60
      42
      57
      36
      43
      33
      41
      44
      42
      50
      44
      34
      46
      42
      40
      43
      42
      52
      57
      47
      48
      42
      50
      48
      46
      40
      54
      42
      54
      44
      44
      45
      53
      36
      53
      42
      52
      42
      52
      48
      46
      45
      46
      51
      38
      54
      38
      53
      46
      40
      42
      39
      46
      41
      43
      50
      53
      34
      41
      43
      44
      56
      52
      52
      45
      34
      49
      53
      53
      45
      55
      51
      39
      46
      42
      36
      41
      42
      57
      58
      51
      50
      48
      51
      44
      51
      50
      50
      43
      41
      60
      58
      36
      43
      60
      41
      53
      49
      50
      53
      48
      53
      48
      50
      49
      67
      51
      55
      48
      60
      52
      38
      53
      51
      65
      49
      54
      59
      43
      53
      64
      47
      49
      58
      54
      69
      51
      58
      58
      62
      49
      47
      51
      64
      49
      52
      55
      58
      46
      56
      45
      55
      49
      56
      69
      54
      57
      64
      57
      49
      68
      65
      54
      65
      57
      59
      55
      65
      65
      57
      64
      48
      49
      64
      70
      60
      50
      52
      47
      55
      57
      66
      67
      73
      45
      61
      73
      66
      49
      69
      55
      71
      69
      41
      46
      64
      58
      69
      61
      66
      75
      60
      41
      60
      61
      67
      51
      69
      69
      63
      70
      56
      59
      57
      71
      67
      50
      67
      66
      60
      55
      69
      52
      71
      61
      71
      60
      58
      61
      61
      55
      57
      59
      63
      59
      60
      53
      43
      60
      63
      75
      76
      58
      75
      58
      69
      59
      59
      63
      74
      45
      83
      54
      61
      56
      52
      57
      57
      57
      55
      60
      73
      74
      75
      62
      66
      67
      53
      59
      69
      55
      56
      57
      65
      63
      60
      67
      69
      75
      61
      62
      65
      61
      84
      54
      76
      63
      79
      67
      58
      66
      54
      59
      68
      65
      56
      57
      60
      72
      51
      52
      63
      50
      61
      59
      47
      66
      58
      60
      57
      65
      48
      68
      68
      51
      58
      61
      60
      67
      61
      67
      53
      59
      67
      67
      69
      74
      73
      68
      63
      70
      55
      55
      52
      54
      62
      60
      58
      62
      65
      57
      57
      73
      60
      55
      49
      48
      58
      54
      70
      51
      62
      50
      77
      70
      73
      73
      71
      63
      67
      64
      58
      62
      52
      51
      80
      56
      56
      61
      41
      63
      63
      57
      74
      66
      62
      58
      63
      56
      48
      42
      61
      56
      63
      67
      51
      60
      48
      54
      60
      72
      61
      66
      51
      74
      52
      62
      45
      65
      59
      62
      59
      61
      69
      64
      53
      56
      63
      49
      44
      47
      50
      65
      60
      42
      66
      59
      70
      66
      58
      66
      66
      65
      57
      57
      54
      61
      58
      60
      58
      58
      64
      61
      47
      62
      56
      54
      59
      53
      52
      53
      53
      47
      46
      67
      58
      59
      54
      60
      76
      61
      62
      35
      70
      60
      55
      61
      55
      49
      48
      46
      50
      55
      57
      57
      44
      55
      50
      50
      59
      60
      50
      63
      55
      49
      57
      73
      50
      56
      52
      37
      64
      47
      63
      51
      67
      47
      56
      54
      54
      48
      62
      54
      52
      62
      54
      60
      47
      53
      48
      43
      48
      59
      51
      36
      48
      66
      52
      53
      44
      55
      51
      50
      50
      45
      46
      53
      58
      47
      53
      49
      59
      46
      46
      41
      62
      62
      60
      49
      64
      51
      51
      63
      56
      58
      58
      56
      51
      53
      53
      51
      60
      49
      54
      41
      38
      50
      56
      56
      51
      50
      54
      45
      52
      47
      56
      61
      47
      52
      43
      64
      46
      59
      44
      41
      50
      48
      43
      44
      67
      47
      45
      52
      48
      50
      49
      56
      46
      48
      45
      35
      58
      50
      61
      43
      52
      48
      57
      50
      47
      51
      53
      50
      46
      55
      42
      54
      65
      55
      60
      59
      58
      61
      55
      50
      66
      48
      60
      56
      58
      44
      55
      46
      62
      52
      60
      71
      54
      55
      59
      61
      56
      62
      57
      67
      60
      60
      46
      62
      59
      56
      63
      66
      56
      63
      61
      71
      65
      56
      54
      63
      57
      54
      51
      63
      58
      78
      55
      77
      47
      59
      51
      67
      51
      56
      62
      59
      53
      70
      49
      51
      59
      67
      66
      52
      35
      61
      77
      55
      67
      45
      53
      63
      45
      56
      58
      59
      55
      56
      49
      54
      51
      57
      68
      48
      51
      51
      59
      63
      43
      60
      48
      51
      65
      68
      59
      47
      51
      54
      58
      52
      51
      58
      58
      74
      54
      68
      71
      71
      70
      47
      49
      50
      61
      54
      47
      47
      49
      54
      54
      42
      58
      52
      44
      43
      52
      49
      57
      51
      60
      44
      47
      52
      57
      54
      47
      51
      55
      47
      43
      54
      52
      37
      43
      58
      36
      46
      47
      37
      40
      51
      49
      31
      52
      38
      44
      42
      57
      52
      62
      44
      57
      40
      53
      39
      53
      35
      38
      54
      35
      43
      53
      41
      52
      37
      38
      52
      45
      45
      52
      61
      54
      45
      39
      57
      43
      53
      46
      41
      55
      53
      36
      38
      46
      59
      57
      44
      44
      47
      41
      49
      36
      42
      40
      51
      45
      41
      40
      48
      47
      48
      42
      54
      44
      44
      26
      45
      39
      40
      36
      42
      38
      54
      43
      42
      42
      52
      46
      39
      37
      44
      40
      38
      43
      38
      48
      47
      37
      31
      35
      40
      43
      40
      38
      40
      45
      52
      38
      38
      42
      31
      54
      36
      33
      44
      51
      42
      37
      42
      36
      36
      29
      46
      36
      40
      33
      39
      49
      31
      35
      33
      46
      40
      36
      34
      41
      41
      46
      35
      37
      42
      33
      42
      48
      45
      34
      31
      41
      41
      31
      51
      42
      33
      43
      26
      34
      37
      42
      30
      37
      44
      40
      34
      33
      40
      38
      34
      31
      39
      36
      41
      25
      37
      39
      51
      47
      41
      52
      46
      27
      28
      41
      45
      43
      36
      41
      35
      41
      46
      44
      43
      44
      55
      30
      28
      40
      43
      39
      31
      32
      28
      39
      36
      41
      32
      46
      42
      37
      38
      48
      36
      30
      42
      31
      31
      35
      31
      34
      36
      34
      29
      43
      34
      28
      36
      32
      40
      39
      38
      35
      41
      35
      36
      37
      40
      45
      26
      38
      35
      30
      45
      28
      30
      38
      30
      33
      26
      39
      35
      21
      27
      37
      44
      29
      30
      36
      39
      38
      28
      28
      38
      35
      33
      26
      40
      35
      38
      28
      30
      33
      26
      35
      36
      34
      26
      47
      35
      36
      31
      31
      33
      41
      37
      28
      33
      38
      30
      28
      36
      24
      33
      33
      23
      40
      36
      32
      30
      36
      30
      28
      34
      34
      33
      21
      35
      34
      34
      31
      29
      34
      46
      38
      39
      39
      35
      30
      31
      27
      32
      30
      35
      23
      23
      37
      29
      31
      23
      31
      31
      31
      26
      26
      34
      36
      30
      35
      44
      27
      34
      19
      32
      38
      40
      47
      31
      38
      26
      31
      31
      30
      37
      23
      36
      33
      39
      34
      21
      26
      24
      23
      37
      35
      30
      31
      18
      29
      32
      34
      30
      34
      38
      39
      34
      38
      26
      32
      19
      38
      24
      25
      32
      28
      33
      44
      33
      50
      38
      36
      32
      24
      31
      31
      35
      34
      32
      32
      37
      32
      29
      29
      38
      33
      26
      34
      27
      23
      35
      26
      26
      30
      30
      26
      33
      28
      27
      19
      27
      25
      33
      30
      34
      36
      29
      28
      32
      23
      32
      32
      22
      22
      28
      25
      27
      24
      31
      27
      36
      18
      24
      27
      25
      35
      22
      29
      35
      29
      32
      24
      22
      31
      19
      32
      21
      36
      30
      28
      27
      30
      30
      27
      30
      37
      29
      19
      30
      12
      24
      29
      27
      25
      41
      32
      34
      22
      33
      27
      22
      28
      30
      41
      47
      27
      28
      23
      16
      24
      24
      27
      27
      33
      26
      29
      24
      28
      18
      26
      23
      34
      23
      33
      31
      31
      36
      26
      35
      26
      18
      24
      25
      23
      29
      27
      32
      23
      29
      21
      23
      31
      27
      22
      32
      27
      27
      30
      39
      24
      27
      33
      29
      24
      22
      20
      23
      33
      25
      39
      30
      25
      24
      28
      31
      20
      15
      21
      20
      29
      20
      21
      20
      23
      31
      34
      25
      34
      22
      28
      23
      17
      31
      27
      25
      25
      28
      34
      19
      27
      33
      31
      15
      22
      38
      23
      21
      28
      24
      27
      35
      28
      22
      36
      28
      25
      27
      26
      29
      31
      21
      27
      26
      30
      33
      22
      34
      23
      28
      14
      28
      19
      26
      14
      15
      17
      29
      29
      42
      27
      24
      22
      24
      22
      14
      30
      24
      37
      27
      27
      28
      28
      26
      14
      28
      28
      32
      25
      26
      31
      29
      17
      33
      26
      33
      35
      22
      28
      31
      20
      28
      26
      27
      13
      24
      26
      22
      23
      33
      16
      16
      30
      30
      23
      26
      32
      22
      30
      24
      21
      31
      21
      26
      26
      20
      26
      27
      30
      25
      30
      14
      20
      32
      30
      30
      29
      31
      27
      22
      30
      32
      21
      22
      18
      16
      28
      18
      34
      28
      27
      24
      29
      23
      15
      27
      28
      23
      22
      19
      24
      22
      24
      29
      31
      19
      17
      23
      23
      31
      30
      20
      24
      20
      22
      22
      11
      24
      23
      25
      31
      32
      28
      17
      28
      28
      19
      17
      25
      25
      24
      19
      29
      28
      29
      34
      24
      23
      20
      25
      25
      16
      30
      20
      21
      29
      20
      26
      22
      25
      26
      17
      16
      22
      22
      22
      24
      26
      16
      24
      25
      29
      21
      34
      22
      25
      20
      25
      23
      22
      30
      31
      24
      25
      28
      22
      28
      20
      22
      24
      27
      28
      24
      37
      16
      22
      23
      21
      34
      20
      20
      28
      28
      26
      20
      24
      31
      25
      23
      29
      25
      28
      25
      27
      25
      19
      24
      12
      32
      21
      22
      28
      18
      27
      21
      30
      26
      23
      29
      24
      26
      22
      27
      16
      21
      31
      19
      22
      23
      23
      26
      19
      16
      19
      25
      22
      20
      30
      24
      16
      26
      22
      18
      21
      16
      28
      22
      21
      22
      21
      27
      23
      27
      30
      30
      23
      25
      23
      17
      21
      19
      33
      17
      21
      22
      30
      30
      28
      17
      19
      22
      24
      25
      22
      24
      20
      13
      31
      30
      24
      13
      18
      21
      20
      20
      19
      29
      17
      17
      40
      30
      16
      21
      22
      20
      30
      24
      24
      26
      22
      24
      25
      21
      17
      19
      21
      25
      26
      24
      18
      21
      25
      25
      16
      26
      19
      19
      23
      25
      26
      24
      24
      21
      19
      33
      23
      18
      19
      20
      23
      26
      22
      21
      25
      22
      23
      30
      20
      15
      24
      16
      21
      24
      30
      27
      24
      30
      21
      27
      24
      19
      33
      21
      24
      27
      20
      24
      25
      23
      21
      27
      23
      23
      28
      25
      23
      14
      22
      15
      19
      20
      25
      26
      27
      31
      42
      48
      49
      47
      47
      53
      46
      36
      43
      31
      41
      27
      39
      32
      29
      26
      26
      18
      28
      13
      24
      25
      29
      26
      20
      27
      19
      25
      26
      26
      29
      23
      16
      23
      23
      14
      24
      19
      17
      31
      28
      26
      23
      28
      17
      25
      24
      19
      27
      27
      21
      19
      17
      25
      27
      28
      15
      22
      23
      18
      19
      19
      19
      27
      19
      18
      24
      18
      27
      12
      24
      18
      23
      20
      15
      26
      20
      18
      27
      30
      15
      26
      21
      20
      30
      14
      19
      30
      20
      18
      14
      18
      22
      26
      25
      18
      27
      23
      28
      20
      20
      20
      24
      20
      19
      24
      27
      18
      21
      21
      19
      21
      14
      19
      18
      22
      18
      19
      18
      23
      23
      17
      21
      25
      24
      28
      26
      19
      21
      25
      15
      13
      19
      23
      16
      20
      17
      19
      24
      21
      27
      24
      17
      19
      20
      20
      27
      24
      20
      23
      17
      26
      18
      26
      20
      24
      22
      18
      22
      25
      20
      17
      21
      25
      19
      20
      17
      27
      27
      20
      16
      20
      24
      24
      15
      18
      24
      26
      24
      18
      15
      25
      32
      27
      18
      24
      18
      21
      23
      23
      22
      29
      22
      18
      31
      30
      21
      24
      31
      20
      17
      17
      20
      28
      16
      21
      23
      24
      16
      15
      27
      22
      19
      24
      21
      18
      19
      20
      14
      29
      29
      27
      18
      19
      21
      21
      10
      14
      20
      23
      22
      18
      24
      27
      19
      21
      21
      29
      32
      18
      36
      20
      17
      21
      23
      19
      30
      19
      18
      16
      23
      18
      22
      23
      22
      25
      20
      21
      22
      30
      19
      15
      26
      26
      19
      23
      23
      24
      21
      19
      34
      32
      27
      27
      24
      24
      33
      23
      16
      20
      23
      12
      24
      22
      28
      19
      15
      25
      14
      22
      14
      29
      27
      23
      21
      13
      23
      16
      10
      26
      20
      15
      32
      17
      25
      39
      25
      20
      17
      32
      29
      28
      28
      24
      32
      18
      16
      29
      22
      23
      24
      28
      18
      22
      18
      30
      23
      23
      25
      29
      24
      27
      25
      24
      13
      22
      18
      19
      25
      21
      22
      16
      19
      19
      26
      16
      19
      24
      24
      18
      27
      24
      23
      17
      22
      18
      34
      12
      20
      18
      26
      22
      16
      31
      29
      20
      36
      33
      41
      21
      31
      31
      23
      19
      28
      35
      23
      28
      15
      21
      20
      13
      26
      19
      16
      25
      24
      21
      11
      26
      24
      26
      23
      22
      20
      15
      18
      29
      25
      26
      33
      19
      25
      23
      18
      29
      14
      19
      22
      24
      16
      21
      28
      19
      21
      19
      17
      22
      23
      19
      19
      19
      24
      16
      17
      21
      16
      20
      21
      20
      23
      26
      22
      16
      21
      16
      18
      19
      17
      16
      31
      16
      18
      19
      17
      22
      29
      28
      17
      15
      22
      22
      14
      29
      11
      26
      30
      15
      25
      27
      22
      14
      24
      12
      26
      23
      18
      12
      21
      18
      19
      15
      25
      18
      20
      22
      20
      15
      21
      24
      23
      21
      19
      21
      12
      23
      19
      17
      25
      23
      20
      23
      12
      24
      21
      22
      15
      26
      24
      18
      31
      20
      18
      22
      23
      25
      15
      14
      21
      22
      26
      28
      16
      18
      26
      26
      26
      27
      21
      25
      22
      32
      18
      15
      26
      30
      24
      20
      26
      21
      21
      17
      21
      18
      26
      22
      22
      17
      31
      17
      18
      16
      23
      24
      26
      20
      26
      16
      27
      27
      19
      24
      19
      15
      25
      18
      23
      34
      19
      15
      24
      19
      21
      16
      27
      13
      22
      28
      17
      28
      18
      16
      17
      17
      27
      16
      14
      29
      19
      19
      22
      22
      22
      26
      21
      19
      19
      21
      31
      26
      24
      15
      31
      21
      28
      25
      21
      26
      19
      22
      27
      28
      18
      21
      22
      15
      20
      22
      13
      19
      17
      23
      22
      24
      18
      21
      19
      18
      27
      21
      16
      23
      17
      20
      21
      24
      19
      15
      29
      20
      19
      14
      22
      21
      16
      21
      22
      34
      25
      19
      23
      20
      19
      29
      19
      20
      17
      19
      37
      17
      16
      24
      25
      16
      19
      14
      15
      12
      30
      25
      25
      15
      21
      17
      13
      18
      29
      15
      23
      13
      22
      28
      21
      23
      19
      27
      34
      25
      25
      29
      22
      24
      32
      20
      15
      16
      25
      18
      17
      16
      14
      17
      25
      24
      22
      19
      20
      20
      21
      27
      18
      19
      21
      21
      25
      21
      20
      21
      19
      24
      16
      15
      19
      15
      25
      27
      17
      25
      29
      23
      22
      22
      29
      25
      20
      25
      20
      25
      21
      29
      24
      18
      24
      24
      28
      17
      20
      22
      10
      21
      26
      17
      23
      24
      29
      21
      18
      21
      24
      23
      17
      27
      20
      18
      25
      18
      23
      19
      22
      30
      18
      12
      16
      28
      17
      25
      22
      24
      23
      23
      16
      23
      20
      16
      22
      14
      21
      31
      19
      18
      17
      23
      27
      19
      11
      19
      23
      20
      20
      27
      24
      12
      29
      23
      14
      29
      19
      19
      24
      25
      22
      22
      22
      22
      28
      32
      16
      28
      19
      22
      23
      21
      23
      21
      22
      19
      12
      21
      19
      16
      21
      26
      21
      17
      20
      24
      19
      16
      19
      18
      31
      23
      24
      21
      22
      27
      24
      16
      30
      29
      33
      23
      21
      22
      24
      30
      19
      22
      24
      24
      24
      33
      26
      29
      19
      30
      25
      30
      15
      16
      21
      21
      27
      24
      27
      28
      13
      17
      18
      18
      20
      22
      19
      22
      22
      19
      20
      13
      27
      20
      22
      20
      20
      19
      30
      18
      25
      26
      24
      17
      19
      30
      23
      25
      22
      17
      29
      23
      27
      22
      19
      27
      24
      22
      22
      18
      27
      22
      23
      20
      22
      28
      21
       8
      29
      31
      22
      19
      19
      26
      25
      17
      31
      23
      22
      22
      14
      15
      31
      17
      20
       7
       7
      19
      20
      22
      26
      12
      24
      23
      21
      26
      26
      20
      19
      23
      20
      18
      21
      21
      26
      25
      17
      23
      24
      31
      28
      17
      24
      21
      31
      25
      27
      31
      31
      25
      23
      22
      18
      21
      26
      27
      22
      30
      20
      19
      20
      19
      33
      27
      34
      17
      24
      24
      25
      17
      23
      26
      21
      21
      16
      20
      27
      19
      18
      13
      34
      23
      19
      17
      24
      17
      26
      16
      25
      19
      30
      16
      25
      11
      25
      23
      27
      19
      30
      20
      20
      19
      24
      18
      31
      22
      16
      29
      20
      27
      25
      22
      24
      31
      24
      27
      19
      26
      13
      23
      25
      21
      22
      14
      24
      32
      33
      28
      21
      33
      21
      21
      24
      26
      19
      27
      22
      24
      20
      27
      22
      25
      17
      27
      29
      21
      26
      18
      30
      23
      17
      26
      21
      22
      22
      22
      24
      18
      21
      28
      20
      16
      15
      26
      29
      24
      19
      12
      23
      24
      26
      17
      21
      19
      23
      29
      27
      22
      28
      20
      30
      27
      21
      20
      30
      27
      18
      23
      24
      29
      20
      38
      30
      23
      18
      24
      32
      29
      25
      27
      22
      23
      18
      18
      31
      22
      27
      23
      23
      22
      16
      21
      27
      31
      21
      31
      27
      26
      36
      16
      26
      23
      33
      28
      33
      18
      15
      26
      18
      28
      29
      16
      17
      25
      23
      26
      21
      33
      31
      26
      19
      22
      23
      18
      29
      29
      16
      24
      24
      16
      28
      21
      23
      27
      27
      21
      24
      18
      22
      29
      14
      28
      23
      22
      30
      29
      21
      21
      19
      18
      19
      15
      25
      18
      34
      36
      20
      20
      22
      28
      23
      17
      22
      22
      27
      25
      25
      26
      17
      22
      14
      26
      16
      28
      26
      21
      23
      24
      25
      21
      20
      14
      37
      21
      25
      23
      21
      22
      16
      21
      19
      24
      21
      33
      25
      18
      25
      23
      29
      24
      19
      36
      29
      29
      29
      22
      29
      19
      30
      28
      26
      22
      36
      25
      17
      25
      16
      32
      24
      19
      21
      33
      23
      26
      19
      20
      13
      28
      25
      23
      23
      22
      23
      28
      26
      28
      22
      16
      32
      23
      34
      28
      24
      25
      26
      19
      17
      26
      22
      31
      21
      28
      20
      26
      30
      29
      25
      39
      31
      30
      25
      26
      21
      38
      26
      32
      28
      30
      26
      31
      22
      24
      29
      22
      29
      22
      34
      32
      25
      18
      28
      30
      30
      24
      26
      27
      28
      30
      34
      29
      20
      25
      29
      23
      31
      24
      28
      27
      23
      24
      25
      23
      43
      27
      25
      28
      29
      21
      20
      27
      21
      23
      31
      14
      25
      29
      33
      25
      33
      24
      27
      22
      28
      32
      34
      28
      28
      17
      28
      30
      25
      24
      18
      19
      25
      29
      34
      35
      28
      27
      29
      27
      23
      26
      31
      26
      33
      26
      27
      20
      21
      30
      31
      24
      22
      34
      24
      20
      24
      20
      24
      30
      33
      30
      34
      39
      29
      32
      20
      28
      27
      25
      27
      39
      27
      30
      21
      35
      33
      30
      36
      30
      33
      36
      30
      26
      22
      18
      27
      28
      10
      30
      26
      34
      28
      25
      22
      13
      31
      26
      24
      14
      33
      24
      35
      23
      22
      31
      24
      29
      25
      24
      32
      29
      36
      28
      31
      30
      27
      33
      30
      26
      30
      32
      32
      27
      26
      23
      29
      30
      19
      22
      37
      26
      33
      39
      34
      27
      27
      38
      36
      25
      27
      33
      21
      33
      23
      38
      29
      25
      33
      22
      42
      33
      36
      36
      34
      33
      28
      38
      28
      27
      25
      28
      17
      31
      37
      27
      28
      24
      22
      28
      34
      37
      26
      35
      26
      32
      35
      27
      25
      35
      28
      35
      33
      37
      31
      40
      27
      29
      36
      26
      21
      26
      32
      26
      36
      27
      28
      38
      24
      37
      30
      29
      40
      33
      40
      29
      24
      30
      21
      33
      46
      28
      35
      27
      20
      38
      33
      32
      36
      24
      25
      33
      26
      38
      37
      29
      30
      34
      34
      35
      26
      36
      29
      28
      26
      35
      28
      33
      33
      29
      34
      29
      39
      39
      28
      36
      31
      44
      35
      38
      32
      26
      33
      35
      34
      39
      34
      33
      30
      29
      29
      32
      35
      19
      33
      23
      35
      27
      34
      28
      31
      33
      35
      36
      32
      35
      32
      34
      39
      40
      40
      37
      38
      30
      37
      31
      32
      30
      34
      35
      41
      22
      32
      28
      35
      32
      34
      36
      34
      34
      32
      39
      24
      40
      40
      42
      29
      40
      32
      24
      43
      24
      44
      33
      38
      35
      51
      26
      31
      33
      39
      34
      32
      25
      31
      37
      30
      41
      31
      43
      21
      40
      28
      43
      22
      22
      35
      32
      27
      32
      33
      35
      27
      34
      34
      35
      37
      15
      32
      26
      22
      34
      37
      22
      40
      29
      37
      38
      25
      20
      38
      32
      30
      29
      22
      29
      36
      33
      26
      35
      31
      27
      23
      29
      29
      26
      31
      25
      30
      22
      21
      28
      26
      29
      35
      23
      22
      24
      26
      31
      27
      34
      24
      30
      22
      22
      21
      19
      32
      25
      23
      22
      18
      29
      24
      29
      35
      27
      23
      25
      25
      24
      29
      39
      27
      22
      31
      20
      29
      30
      35
      37
      33
      22
      25
      25
      31
      29
      29
      29
      32
      29
      34
      35
      28
      32
      30
      33
      32
      22
      21
      21
      28
      23
      33
      23
      35
      23
      32
      18
      24
      28
      18
      27
      20
      23
      22
      29
      25
      25
      17
      21
      28
      16
      19
      26
      30
      31
      25
      30
      29
      24
      25
      27
      21
      21
      24
      20
      20
      35
      26
      23
      28
      32
      32
      27
      39
      19
      24
      29
      28
      28
      27
      32
      19
      31
      32
      25
      24
      22
      28
      31
      30
      34
      27
      32
      24
      21
      20
      27
      29
      27
      23
      22
      25
      27
      28
      32
      25
      21
      25
      22
      28
      30
      16
      33
      23
      23
      18
      33
      24
      21
      24
      24
      31
      26
      23
      26
      26
      36
      22
      19
      25
      20
      19
      27
      31
      31
      23
      20
      26
      29
      22
      22
      21
      27
      23
      28
      29
      22
      23
      15
      27
      27
      23
      30
      22
      27
      24
      29
      24
      29
      26
      29
      24
      24
      16
      21
      42
      26
      28
      19
      17
      21
      33
      24
      30
      21
      22
      21
      24
      17
      13
      30
      21
      16
      18
      25
      30
      14
      24
      30
      33
      29
      23
      27
      29
      24
      23
      22
      28
      33
      19
      17
      34
      22
      24
      22
      21
      26
      18
      17
      18
      23
      23
      27
      30
      25
      21
      28
      23
      30
      24
      23
      25
      17
      21
      26
      24
      29
      24
      18
      14
      31
      19
      22
      29
      27
      27
      25
      22
      27
      18
      26
      23
      24
      23
      26
      23
      22
      28
      14
      28
      25
      19
      20
      28
      30
      18
      18
      17
      29
      20
      33
      25
      25
      28
      29
      25
      20
      27
      19
      21
      27
      26
      20
      29
      22
      20
      23
      14
      28
      22
      28
      21
      33
      19
      29
      33
      28
      19
      23
      23
      24
      21
      24
      22
      20
      22
      21
      21
      33
      23
      25
      11
      30
      26
      27
      10
      28
      21
      21
      17
      21
      16
      15
      12
      26
      27
      27
      25
      17
      15
      20
      26
      21
      25
      19
      28
      17
      16
      29
      24
      21
      24
      18
      22
      23
      26
      18
      27
      25
      23
      32
      25
      14
      25
      16
      19
      23
      23
      34
      24
      20
      17
      16
      22
      31
      31
      15
      37
      18
      19
      19
      19
      27
      20
      22
      27
      27
      23
      26
      26
      21
      22
      23
      28
      22
      19
      26
      28
      25
      20
      29
      27
      15
      19
      35
      21
      22
      27
      24
      31
      19
      19
      28
      28
      21
      27
      29
      21
      28
      27
      17
      24
      31
      23
      26
      19
      15
      24
      24
      16
      26
      27
      23
      17
      29
      26
      20
      19
      26
      22
      25
      28
      23
      20
      31
      18
      29
      19
      23
      19
      30
      21
      24
      24
      20
      19
      21
      29
      23
      21
      44
      22
      24
      33
      36
      19
      20
      26
      22
      32
      15
      25
      29
      24
      21
      19
      30
      18
      25
      13
      28
      21
      20
      22
      23
      13
      27
      29
      31
      27
      30
      18
      24
      26
      30
      26
      24
      25
      25
      28
      22
      27
      15
      24
      30
      16
      26
      23
      31
      30
      30
      25
      21
      17
      26
      29
      15
      28
      17
      28
      27
      34
      24
      22
      32
      27
      21
      24
      28
      27
      23
      31
      21
      25
      23
      14
      27
      21
      18
      22
      22
      17
      28
      14
      31
      18
      21
      13
      29
      13
      19
      16
      28
      23
      18
       9
      19
      13
      19
      19
      21
      27
      19
      12
      17
      11
      23
      19
      30
      22
      22
      13
      21
      16
      14
      18
      26
      19
      11
      20
      31
      23
      21
      21
      23
      21
      15
      23
      20
      11
      14
      24
      12
      14
      19
      21
      21
      25
      25
      17
      14
      19
      27
      20
      22
      18
      23
      18
      13
      20
      24
      18
      29
      16
      18
      17
      19
      21
      11
      15
      10
      10
      21
      17
      18
      10
      17
      16
      23
      14
      26
      25
      17
      26
      20
      11
      18
      13
      18
      24
      21
      23
      15
      18
      26
      14
      25
      21
      19
      19
      14
      26
      15
      23
      20
      20
      11
      14
      25
      18
      16
       9
      18
      24
      16
      18
      28
      21
      14
      20
      19
      19
      20
      14
      20
      18
      17
      17
      24
      27
      22
      18
      12
      18
      19
      17
      25
      15
      28
      22
      19
      14
      14
      25
      21
      14
      19
      27
      18
      19
      15
      16
      16
      16
      31
      24
      18
      20
      32
      25
      37
      35
      40
      64
      69
     143
     174
     257
     334
     443
     641
     803
     924
    1061
    1121
    1114
    1089
     887
     730
     557
     408
     297
     195
     149
     143
     135
     141
     117
     120
     111
     122
     111
     108
      95
      71
      63
      73
      68
      48
      47
      50
      36
      29
      25
      29
      25
      21
      25
      30
      26
      26
      18
      22
      12
      14
      18
      12
      15
      12
      11
      20
      12
      14
      13
      13
      14
      15
      19
      10
       7
      13
      15
      11
      16
      12
      12
      17
      17
      12
      13
       9
      13
       7
      16
       9
      21
      13
      13
      17
      10
      16
      12
      13
       9
      13
      16
      12
      13
       8
      11
       8
       9
      12
      13
      10
      10
      11
       7
      14
       9
       9
      15
      12
      10
       9
      14
       8
      15
       8
      11
      11
      13
      19
      12
      15
      12
      14
      12
       9
      19
      13
      11
      13
      10
       8
      15
      14
       8
       7
       8
       6
       7
      12
      15
      11
      13
      13
      11
      12
       5
      14
      10
      12
      12
      10
       8
      18
      10
       7
      10
      12
      10
       7
      11
       5
      13
       9
      10
      11
       7
      10
      11
      16
       5
      10
       8
       7
      11
      14
       9
      13
      12
      11
       8
       7
      15
      12
       4
       8
       7
      12
      11
      13
       7
      15
      11
      11
       5
      11
      16
       7
      14
      10
       9
      10
       9
      13
       6
       9
      12
       9
       5
       8
      13
       9
       9
      16
       9
      10
      13
       6
      11
       8
       4
      14
      11
       6
       3
      12
      12
       9
      11
      11
       7
      17
      12
      17
       6
       9
      10
       7
      10
      14
      15
      10
       9
       3
       8
      14
       6
      16
      10
       7
       5
      18
      12
       9
       9
      16
       8
      12
       4
      10
       5
       5
       6
       9
       4
       6
       7
      11
       7
       5
       5
      11
       9
       7
       5
       4
      11
       5
       8
       4
       8
      13
       7
       8
       7
      11
       7
       8
       5
      14
      10
       7
       4
       7
       6
       6
       6
       9
       9
       4
       3
       7
      11
       6
      15
       8
       6
       6
       8
       7
       9
       6
       9
       7
       3
       8
      11
       9
       8
      10
       4
       6
       8
       7
       4
      10
      10
       8
       7
       7
       9
      12
       8
       8
       5
       6
       4
       9
       6
       7
       7
       6
       4
       7
       7
       7
       6
       6
       8
      11
       7
       3
       9
       9
       2
       6
       2
       5
       3
       7
      11
       9
       7
       7
       7
       6
      11
       8
       7
       0
       6
       4
       7
       8
       8
       6
      10
       5
       4
       8
       7
      11
       8
       6
       6
       2
       7
       6
       7
      10
       6
       1
       9
       6
      10
       5
       1
       8
       8
       6
       8
       9
       7
       6
      11
       8
       5
       6
      10
      10
       7
       4
       9
       9
       7
       6
       9
       9
       5
       5
       1
       6
       4
       6
       8
       4
       3
       4
       3
       5
       7
       5
       6
       4
       4
      10
       5
       4
      10
      11
      12
       9
       2
      12
       9
       3
       7
       8
       9
       5
       8
      12
      12
       5
      14
       7
       7
      10
      11
       6
      10
      13
      15
       6
       7
       9
       9
       6
       5
      10
      11
       7
       6
       6
       7
       7
       6
       2
       4
       7
      11
       5
      11
      12
       4
       4
       7
       8
       4
       5
      10
       7
       4
      12
       7
      10
      11
       8
       5
       8
       5
       8
       8
       9
      12
       3
       7
       6
       3
       8
       7
       4
       5
       2
       9
       9
       9
       5
       6
       9
       7
       8
      14
       6
      10
      16
       7
      10
       7
       6
       6
      13
       8
       7
      13
      10
       7
       6
       9
       4
      10
      10
      10
       7
       6
       8
       3
       8
       6
      11
       9
       3
       9
      19
      10
       7
      13
       7
      14
      17
      12
      11
       8
       8
       6
      14
      12
      12
      12
       7
      16
       9
       6
      10
      10
      10
      17
      10
      13
       8
      11
       9
      15
      17
      11
      31
      30
      33
      49
      47
      75
     115
     163
     207
     317
     400
     496
     671
     783
     860
     888
     918
     945
     796
     690
     569
     405
     295
     226
     147
     148
     106
     110
     113
     101
      81
      89
      94
      63
      83
      61
      59
      37
      51
      43
      45
      35
      35
      26
      29
      23
      19
      15
      10
      16
      15
      11
       3
      11
      10
       7
      12
       6
      11
      10
       7
      12
       2
       2
       4
       2
       6
       8
       6
       9
       9
       8
       7
       2
       8
       4
       6
       5
       2
       6
       2
       4
       4
       6
       3
       4
       4
       2
       4
       8
       6
       5
       5
       6
       4
       1
       4
       4
       8
       7
       3
       6
       6
       3
       4
       4
       5
       2
       4
       6
       8
       3
       4
       3
       3
       5
       8
       5
       3
       6
       7
       3
       4
       2
       5
       4
       8
       3
       6
       6
       3
       4
       4
       5
       5
       1
       4
       4
       6
       4
       6
       6
       5
       8
       8
       9
       7
       6
       3
       2
       7
       7
       2
       5
       1
       8
       3
       6
       2
       2
       4
       6
       4
       4
       1
       4
       2
       7
       6
       1
       6
       4
       4
       5
       6
       3
       4
       3
       2
       8
       2
       3
       3
       5
       4
       6
       4
       5
       5
       5
       3
       3
       5
       4
      10
       4
       2
       7
       9
       4
       3
       3
       2
       2
       5
       7
       2
       3
       2
       5
       3
       5
       1
       3
       4
       7
       4
       3
       5
       3
       3
       2
       4
       7
       8
       4
       8
       3
       2
       4
       5
       1
       7
       8
       2
       3
       3
       1
       4
       3
      10
       2
       5
      10
       4
       6
       3
       3
       0
       4
       4
       1
       5
       5
       3
       6
       3
       5
       2
       8
       4
       5
       5
       5
       3
       6
       4
       4
       3
       5
       4
       5
       5
       1
       6
       8
       1
       6
       2
       7
       3
       1
       9
       2
       2
       3
       5
       2
       3
       8
       9
       2
       2
      12
       1
       4
       6
       8
       9
       6
      11
       1
       4
       5
       4
      10
       3
       6
       8
       3
       5
       3
       0
       2
       3
       4
       4
       4
       4
       2
       3
       3
       2
       2
       3
       2
       4
       3
       4
       5
       6
       3
       5
       5
       4
       4
       3
       2
       1
       4
       2
       6
       3
       6
       1
       5
       6
       6
       2
       1
       4
       7
       5
       8
       2
       6
       9
       5
       5
       4
       3
       8
       3
       3
       5
       7
       3
       6
       5
       3
       4
       5
       4
       5
       4
       4
       4
       2
       3
       3
       3
       4
       4
       4
       3
       3
       2
       6
       7
       3
       4
       2
       3
       5
       2
       5
       3
       3
       3
       4
       7
       2
       2
       3
       1
       3
       3
       5
       7
       2
       5
       5
       3
       5
       7
       5
       3
       4
       3
       5
       4
       7
       5
       2
       4
       5
       6
       2
       3
       4
       5
       6
       5
       6
       4
       4
       4
       4
       1
       8
       4
       9
       3
       7
       4
       4
       4
       3
       1
       9
       6
       3
       3
       4
       4
       4
       3
       3
       6
       6
       7
       6
      10
       8
       8
       1
       4
       6
       4
       3
       9
       8
       3
       4
       5
       5
       4
       8
      11
      10
      18
      28
      31
      41
      53
      61
      83
      85
     105
      99
     103
     100
     114
      70
      76
      41
      40
      30
      24
      16
      21
      15
      13
      13
      11
      13
      17
      15
      15
       9
      16
       9
      13
       7
       7
       5
      11
       7
       4
       4
       5
       4
       3
       4
       2
       0
       2
       3
       2
       4
       4
       7
       6
       3
       2
       3
       3
       3
       4
       1
       3
       3
       2
       1
       4
       3
       1
       1
       5
       1
       0
       3
       3
       7
       7
       0
       3
       5
       2
       0
       3
       2
       3
       0
       2
       4
       3
       2
       2
       6
       4
       2
       2
       2
       3
       5
       2
       5
       1
       2
       2
       5
       2
       2
       2
       2
       6
       1
       1
       3
       3
       0
       3
       3
       1
       2
       1
       6
       2
       3
       2
       4
       5
       2
       7
       3
       6
       5
       6
       5
       2
       3
       4
       2
       5
       2
       6
       3
       1
       2
       4
       2
       1
       4
       2
       6
       3
       5
       4
      10
       0
       3
       4
       3
       4
       2
       3
       4
       5
       6
       0
       3
       0
       5
       3
       9
       3
       0
       3
       3
       2
       4
       4
       0
       2
       3
       0
       1
       7
       2
       2
       7
       3
       0
       4
       3
       5
       2
       3
       4
       6
       4
       6
       3
       4
       4
       4
       5
       2
       4
       2
       7
       2
       4
       2
       5
       2
       4
       1
       3
       6
       3
       5
       6
       4
       2
       5
       4
       2
       4
       1
       5
       3
       3
       5
       1
       4
       6
       1
       4
       2
       3
       6
       1
       3
       4
       4
       2
       2
       0
       2
       4
       3
       5
       7
       3
       1
       2
       1
       1
       1
       3
       2
       1
       3
       3
       2
       4
       1
       5
       2
       1
       4
       2
       1
       2
       3
       3
       5
       3
       2
       6
       2
       4
       5
       5
       5
       3
       3
       5
       2
       2
       5
       4
       0
       3
       3
       5
       4
       4
       2
       4
       3
       3
       3
       1
       2
       0
       3
       3
       3
       6
       2
       0
       3
       3
       3
       4
       3
       6
       2
       6
       2
       2
       3
       5
       4
       3
       5
       3
       5
       7
       4
       4
       2
       1
       2
       3
       3
       6
       3
       7
       5
       5
       2
       1
       5
       2
       1
       3
       5
       3
       3
       6
       5
       7
       2
       2
       1
       2
       4
       6
       5
       4
       5
       1
       1
       3
       3
       3
       2
       1
       7
       2
       7
       1
       4
       6
       3
       4
       4
       2
       9
       5
       3
       3
       0
       1
       4
       3
       1
       3
       4
       3
       6
       2
       5
       3
       2
       3
       2
       3
       4
       2
       5
       4
       4
       3
       3
       0
       2
       3
       3
       4
       4
       1
       2
       1
       1
       0
       3
       1
       2
       3
       2
       5
       3
       2
       3
       2
       3
       5
       4
       2
       0
       8
       4
       3
       3
       8
       3
       1
       4
       3
       3
       8
       3
       3
       2
       1
       3
       2
       2
       2
       2
       2
       2
       0
       1
       5
       0
       4
       3
       0
       4
       1
       1
       7
       2
       3
       2
       3
       4
       2
       1
       2
       3
       2
       2
       2
       3
       4
       0
       6
       2
       2
       0
       5
       5
       3
       1
       2
       3
       5
       6
       4
       7
       3
       2
       2
       4
       2
       1
       2
       3
       0
       2
       5
       5
       6
       3
       6
       3
       4
       2
       5
       2
       4
       3
       2
       3
       2
       3
       4
       3
       3
       4
       5
       3
       3
       3
       5
       2
       2
       3
       3
       4
       3
       3
       4
       1
       5
       3
       2
       3
       2
       1
       5
       2
       2
       4
       1
       1
       0
       3
       1
       1
       2
       1
       6
       3
       4
       4
       1
       2
       5
       5
       7
       0
       4
       3
       2
       1
       4
       4
       5
       2
       4
       2
       1
       1
       2
       3
       1
       6
       8
       4
       3
       1
       1
       3
       6
       2
       1
       1
       3
       2
       1
       1
       4
       1
       0
       3
       4
       3
       4
       2
       2
       6
       3
       6
       4
       3
       4
       5
       3
       5
       2
       2
       5
       2
       3
       3
       2
       3
       1
       2
       2
       4
       3
       1
       3
       1
       5
       2
       2
       2
       3
       5
       1
       2
       4
       7
       5
       3
       4
       0
       3
       1
       2
       3
       1
       2
       3
       1
       0
       3
       5
       4
       3
       3
       2
       4
       3
       2
       2
       1
       6
       1
       5
       2
       1
       5
       5
       3
       4
       2
       3
       3
       4
       3
       2
       4
       3
       1
       2
       1
       1
       4
       4
       3
       3
       0
       2
       3
       4
       1
       1
       0
       5
       5
       2
       5
       4
       4
       0
       1
       3
       3
       6
       1
       2
       3
       2
       6
       0
       3
       2
       2
       2
       3
       1
       3
       5
       3
       3
       2
       1
       1
       0
       2
       4
       3
       6
       3
       2
       2
       3
       4
       4
       2
       2
       1
       3
       2
       4
       0
       1
       3
       1
       3
       2
       1
       2
       1
       3
       6
       3
       2
       0
       2
       2
       5
       1
       3
       3
       2
       1
       0
       4
       1
       1
       5
       2
       2
       2
       4
       6
       1
       3
       3
       3
       1
       2
       1
       2
       2
       2
       0
       2
       2
       1
       2
       3
       2
       4
       2
       3
       1
       1
       7
       2
       2
       0
       4
       1
       1
       5
       1
       3
       1
       2
       4
       2
       2
       4
       1
       3
       3
       2
       2
       3
       4
       3
       2
       3
       6
       1
       1
       5
       3
       3
       1
       3
       6
       2
       2
       4
       1
       3
       0
       4
       3
       7
       1
       4
       2
       4
       3
       2
       2
       3
       1
       3
       3
       1
       5
       0
       2
       2
       2
       1
       3
       5
       3
       1
       1
       2
       6
       0
       0
       3
       0
       3
       3
       4
       2
       3
       0
       2
       3
       1
       1
       2
       2
       0
       3
       3
       3
       2
       2
       3
       2
       0
       3
       2
       2
       4
       3
       4
       3
       0
       3
       3
       3
       5
       0
       4
       1
       4
       7
       3
       2
       1
       2
       1
       4
       0
       1
       1
       4
       3
       1
       1
       1
       4
       2
       3
       1
       5
       5
       1
       3
       7
       5
       3
       3
       3
       2
       3
       1
       0
       2
       4
       5
       3
       2
       2
       2
       4
       2
       3
       3
       1
       2
       5
       2
       1
       2
       2
       3
       2
       4
       1
       2
       3
       2
       4
       2
       1
       6
       0
       3
       3
       6
       4
       0
       1
       5
       1
       3
       1
       4
       1
       0
       2
       1
       0
       2
       0
       0
       5
       2
       1
       5
       4
       5
       2
       1
       2
       0
       0
       4
       3
       2
       2
       2
       1
       5
       1
       2
       1
       0
       5
       1
       4
       2
       1
       4
       1
       1
       2
       1
       3
       3
       0
       1
       0
       1
       0
       6
       0
       5
       1
       3
       3
       2
       3
       2
       2
       2
       2
       3
       3
       1
       1
       3
       0
       4
       1
       2
       3
       3
       0
       3
       2
       3
       4
       2
       2
       3
       1
       5
       4
       4
       0
       1
       0
       1
       0
       1
       2
       2
       2
       2
       2
       6
       5
       5
       4
       1
       2
       2
       4
       1
       0
       2
       2
       1
       2
       3
       1
       1
       3
       2
       6
       3
       0
       1
       5
       1
       2
       5
       0
       6
       3
       1
       0
       1
       1
       1
       2
       2
       5
       1
       3
       3
       2
       1
       0
       2
       2
       4
       1
       2
       4
       2
       2
       2
       2
       1
       2
       2
       0
       5
       7
       6
       4
       2
       4
       4
       4
       6
       4
       3
       8
       2
       3
       3
       2
       4
       1
       5
       2
       3
       0
       2
       0
       2
       4
       1
       4
       3
       1
       4
       4
       2
       0
       1
       1
       3
       4
       2
       1
       2
       4
       1
       3
       1
       0
       3
       5
       2
       3
       2
       4
       3
       2
       2
       1
       3
       1
       2
       2
       1
       2
       6
       2
       1
       2
       5
       3
       3
       1
       4
       1
       1
       2
       2
       1
       0
       0
       1
       4
       3
       2
       1
       3
       3
       3
       2
       2
       7
       6
       4
       2
       3
       2
       0
       3
       4
       3
       2
       2
       3
       6
       2
       1
       2
       5
       0
       2
       3
       1
       3
       3
       1
       2
       0
       2
       2
       3
       1
       1
       1
       3
       2
       1
       1
       1
       2
       4
       2
       1
       1
       2
       3
       6
       3
       3
       3
       4
       4
       0
       0
       2
       2
       2
       1
       3
       2
       2
       4
       2
       7
       3
       4
       2
       1
       0
       1
       4
       1
       4
       3
       5
       1
       2
       2
       2
       1
       0
       4
       0
       2
       4
       4
       2
       2
       1
       2
       6
       1
       4
       1
       1
       5
       1
       1
       4
       5
       2
       3
       4
       0
       1
       3
       3
       2
       1
       3
       0
       3
       4
       5
       1
       5
       4
       2
       0
       1
       3
       2
       0
       2
       1
       1
       5
       3
       3
       4
       0
       1
       3
       0
       4
       5
       2
       2
       2
       3
       3
       1
       1
       0
       1
       0
       5
       2
       4
       2
       2
       5
       3
       3
       2
       2
       4
       5
       2
       2
       3
       1
       0
       2
       1
       2
       0
       1
       0
       1
       3
       2
       4
       1
       1
       1
       2
       2
       1
       4
       3
       1
       1
       3
       2
       1
       6
       2
       3
       2
       2
       2
       3
       1
       4
       1
       4
       2
       3
       1
       0
       3
       2
       2
       2
       0
       4
       3
       2
       3
       3
       3
       2
       3
       3
       3
       2
       0
       4
       0
       3
       1
       2
       3
       0
       2
       2
       0
       1
       1
       3
       1
       1
       2
       1
       1
       4
       3
       2
       2
       2
       4
       1
       3
       1
       3
       3
       4
       0
       3
       5
       1
       2
       3
       2
       0
       3
       2
       1
       2
       2
       2
       6
       0
       2
       1
       1
       4
       2
       4
       4
       3
       0
       1
       1
       1
       3
       1
       0
       1
       3
       4
       1
       2
       2
       1
       0
       1
       2
       4
       3
       1
       0
       0
       0
       3
       0
       2
       1
       1
       1
       8
       1
       0
       5
       3
       3
       1
       1
       3
       0
       4
       3
       4
       5
       1
       2
       3
       3
       2
       0
       4
       2
       2
       1
       1
       2
       4
       0
       3
       1
       2
       1
       4
       0
       3
       3
       1
       4
       1
       2
       1
       2
       0
       4
       0
       3
       0
       3
       3
       2
       4
       2
       3
       3
       4
       1
       0
       4
       2
       0
       2
       3
       0
       3
       2
       2
       2
       1
       3
       1
       2
       1
       0
       3
       1
       2
       1
       0
       2
       2
       2
       1
       1
       1
       2
       1
       1
       1
       0
       1
       3
       1
       5
       3
       3
       1
       2
       0
       0
       1
       2
       1
       1
       3
       3
       1
       0
       1
       1
       2
       2
       3
       1
       2
       1
       3
       0
       0
       0
       3
       3
       2
       1
       1
       0
       1
       0
       2
       3
       5
       3
       1
       2
       3
       1
       2
       4
       3
       2
       1
       0
       3
       1
       1
       4
       1
       2
       0
       5
       1
       4
       1
       1
       2
       5
       2
       1
       2
       2
       3
       4
       3
       2
       0
       2
       3
       3
       3
       1
       2
       1
       1
       3
       1
       4
       5
       1
       2
       0
       5
       2
       1
       2
       1
       0
       7
       0
       5
       2
       2
       2
       3
       3
       2
       1
       0
       2
       0
       0
       4
       6
       3
       4
       1
       3
       0
       0
       5
       0
       6
       0
       4
       3
       5
       2
       4
       1
       2
       0
       3
       1
       2
       0
       0
       0
       1
       1
       3
       3
       3
       2
       1
       4
       4
       2
       4
       0
       0
       1
       5
       3
       1
       2
       2
       3
       2
       0
       0
       0
       1
       1
       2
       0
       0
       1
       2
       4
       2
       0
       0
       2
       3
       1
       0
       1
       0
       2
       2
       3
       3
       1
       2
       2
       1
       2
       4
       0
       3
       1
       3
       4
       2
       0
       1
       0
       4
       2
       0
       2
       2
       2
       1
       3
       1
       1
       4
       1
       1
       2
       2
       3
       2
       2
       0
       2
       2
       1
       4
       4
       0
       2
       1
       2
       2
       1
       1
       2
       1
       2
       2
       1
       2
       1
       1
       4
       4
       1
       1
       1
       2
       1
       2
       2
       2
       1
       2
       0
       1
       2
       1
       5
       4
       6
       1
       3
       3
       2
       0
       4
       4
       0
       4
       2
       1
       5
       1
       3
       3
       1
       0
       0
       2
       2
       4
       3
       4
       3
       3
       2
       3
       1
       3
       3
       0
       0
       1
       3
       3
       1
       1
       1
       2
       1
       1
       1
       2
       2
       3
       2
       3
       2
       2
       3
       2
       1
       2
       4
       3
       1
       3
       6
       1
       1
       2
       3
       3
       0
       1
       1
       1
       4
       1
       2
       0
       1
       0
       1
       1
       2
       0
       2
       1
       2
       1
       0
       1
       3
       2
       1
       4
       2
       2
       0
       2
       4
       0
       1
       0
       2
       2
       1
       3
       0
       1
       5
       0
       1
       1
       0
       2
       8
       1
       3
       3
       1
       2
       0
       3
       1
       1
       2
       4
       5
       2
       0
       0
       2
       1
       0
       1
       4
       2
       1
       1
       2
       1
       1
       4
       1
       2
       4
       2
       3
       2
       3
       0
       3
       3
       3
       4
       0
       2
       3
       0
       1
       0
       0
       1
       1
       2
       1
       2
       2
       2
       2
       3
       5
       1
       4
       3
       2
       2
       2
       3
       4
       2
       2
       2
       4
       4
       2
       2
       2
       0
       0
       0
       1
       4
       1
       4
       1
       0
       3
       2
       2
       2
       1
       0
       4
       3
       1
       3
       2
       2
       3
       0
       2
       2
       1
       0
       2
       1
       2
       1
       1
       1
       3
       3
       1
       0
       1
       2
       1
       1
       2
       4
       4
       3
       1
       1
       2
       2
       2
       6
       0
       0
       2
       3
       2
       2
       1
       0
       3
       2
       6
       0
       9
       1
       0
       1
       1
       2
       1
       4
       0
       2
       3
       3
       1
       0
       5
       0
       2
       2
       1
       4
       0
       0
       3
       3
       2
       3
       3
       3
       3
       1
       0
       1
       1
       4
       0
       2
       2
       1
       2
       0
       2
       1
       4
       1
       4
       0
       0
       2
       2
       1
       0
       3
       0
       1
       2
       1
       1
       5
       2
       1
       2
       2
       2
       2
       2
       5
       0
       2
       1
       1
       0
       2
       2
       1
       2
       0
       4
       5
       1
       3
       2
       1
       5
       3
       4
       3
       1
       0
       1
       4
       3
       0
       1
       0
       0
       4
       2
       1
       3
       1
       2
       1
       4
       4
       1
       1
       2
       4
       0
       4
       1
       5
       6
       1
       3
       4
       1
       2
       2
       4
       2
       2
       3
       2
       1
       2
       2
       0
       0
       1
       3
       2
       0
       2
       2
       3
       3
       3
       1
       2
       2
       0
       1
       6
       2
       3
       3
       0
       4
       3
       4
       0
       0
       2
       2
       2
       4
       2
       3
       0
       0
       3
       2
       3
       1
       2
       2
       2
       0
       3
       1
       0
       2
       0
       2
       5
       4
       4
       5
       3
       3
       1
       0
       4
       3
       4
       0
       1
       1
       0
       2
       1
       2
       0
       1
       0
       0
       2
       0
       2
       2
       1
       1
       3
       0
       2
       0
       2
       1
       4
       0
       1
       3
       0
       5
       2
       2
       3
       1
       2
       1
       0
       0
       1
       4
       2
       0
       3
       0
       1
       4
       1
       3
       3
       2
       1
       2
       1
       2
       3
       1
       3
       0
       1
       1
       1
       1
       3
       0
       0
       4
       0
       3
       5
       3
       2
       2
       1
       3
       2
       3
       2
       0
       3
       3
       1
       4
       1
       0
       1
       4
       0
       5
       5
       1
       0
       1
       1
       1
       1
       5
       4
       2
       4
       2
       2
       3
       1
       0
       2
       3
       0
       0
       2
       3
       0
       2
       3
       3
       2
       1
       2
       1
       3
       2
       6
       1
       0
       1
       2
       1
       1
       4
       2
       2
       1
       0
       0
       0
       4
       3
       4
       0
       1
       3
       4
       2
       5
       3
       1
       2
       4
       2
       2
       2
       0
       1
       3
       0
       1
       1
       2
       2
       2
       1
       0
       1
       2
       1
       1
       3
       1
       2
       4
       0
       1
       4
       3
       2
       2
       2
       2
       2
       1
       2
       1
       2
       0
       1
       4
       3
       1
       2
       1
       1
       4
       2
       1
       0
       0
       1
       1
       2
       5
       3
       1
       1
       2
       0
       2
       2
       2
       0
       3
       1
       1
       2
       1
       2
       2
       1
       1
       1
       3
       2
       0
       0
       1
       2
       5
       0
       0
       4
       2
       1
       2
       3
       1
       1
       2
       1
       0
       3
       0
       1
       3
       4
       0
       1
       2
       1
       1
       1
       1
       1
       2
       3
       1
       4
       3
       1
       2
       3
       0
       3
       3
       2
       2
       1
       2
       2
       3
       0
       1
       1
       2
       3
       1
       3
       1
       1
       3
       3
       5
       1
       2
       0
       0
       0
       2
       2
       4
       2
       0
       1
       0
       1
       0
       0
       3
       0
       1
       8
       2
       0
       0
       0
       1
       0
       3
       4
       2
       0
       2
       3
       0
       6
       1
       3
       2
       2
       0
       4
       2
       2
       2
       1
       1
       2
       3
       1
       1
       3
       3
       5
       1
       1
       3
       4
       2
       1
       1
       0
       0
       2
       1
       0
       1
       0
       2
       2
       3
       2
       1
       1
       2
       3
       0
       4
       0
       2
       2
       3
       3
       0
       3
       3
       1
       1
       1
       3
       1
       0
       2
       2
       5
       2
       3
       0
       1
       2
       1
       0
       2
       1
       5
       2
       2
       4
       1
       3
       4
       1
       0
       0
       0
       0
       0
       0
       0
       0
       0
       0
       0
       0
       0
       0
       0
       0
       0
       0
       0
       0
       0
       0
       0
       0
       0
       0
       0
       0
       0
       0
       0
       0
       0
       0
       0
       0
       0
       0
       0
       0
       0
       0
       0
       0
       0
       0
       0
       0
       0
       0
       0
       0
       0
       0
       0
       0
       0
       0
       0
       0
       0
       0
       0
       0
       0
       0
       0
       0
       0
       0
       0
       0
       0
       0
       0
       0
       0
       0
       0
       0
       0
       0
       0
       0
       0
       0
       0
       0
       0
       0
       0
       0
       0
       0
       0
       0
       0
       0
       0
       0
       0
       0
       0
       0
       0
       0
       0
       0
       0
       0
       0
       0
       0
       0
       0
       0
       0
       0
       0
       0
       0
       0
       0
       0
       0
       0
       0
       0
$ROI:
1
4689 5151
$PRESETS:
Live Time
450
0
$ENER_FIT:
0.000000 0.270258
$MCA_CAL:
3
0.000000E+000 2.702580E-001 0.000000E+000 keV
$SHAPE_CAL:
3
9.945278E+000 0.000000E+000 0.000000E+000
