$SPEC_ID:
No sample description was entered.
$SPEC_REM:
DET# 1
DETDESC# NOISEPC Easy-MCA-8k SN 12310217
AP# Maestro Version 7.01
$DATE_MEA:
06/15/2022 17:45:19
$MEAS_TIM:
448 450
$DATA:
0 8191
       0
       0
       0
       0
       0
       0
       0
       0
       0
       0
       0
       0
       0
       0
       0
       0
       0
       0
       0
       0
       0
       0
       0
       0
       0
       0
       0
       0
       0
       0
       0
       0
       0
       0
       0
       0
       0
       0
       0
       0
       0
       0
       0
       0
       0
       0
       0
       0
       0
       0
       0
       0
       0
       0
       0
       0
       0
       0
       0
       0
       0
       1
       0
       0
       1
       1
       2
      36
      71
      79
      60
      55
      79
      64
      78
      61
      71
      40
      64
      73
      75
      70
      57
      70
      72
      72
      66
      74
      65
      59
      65
      65
      76
      66
      50
      71
      52
      55
      71
      54
      52
      77
      55
      60
      53
      54
      57
      72
      59
      51
      63
      74
      65
      53
      54
      69
      52
      54
      41
      65
      75
      62
      58
      48
      44
      49
      60
      65
      51
      52
      54
      53
      58
      62
      47
      64
      47
      61
      40
      65
      40
      56
      57
      47
      58
      48
      61
      62
      69
      62
      49
      43
      53
      38
      49
      47
      45
      63
      50
      56
      57
      51
      39
      50
      55
      59
      43
      54
      57
      46
      46
      43
      43
      50
      44
      53
      57
      50
      43
      56
      53
      53
      48
      49
      52
      47
      40
      60
      44
      54
      52
      50
      61
      49
      51
      53
      42
      42
      32
      44
      56
      51
      49
      61
      52
      43
      62
      53
      53
      49
      64
      54
      59
      56
      58
      56
      52
      41
      48
      36
      49
      44
      49
      59
      47
      50
      49
      41
      62
      47
      45
      57
      47
      54
      54
      48
      54
      53
      55
      48
      52
      58
      48
      54
      44
      44
      47
      63
      66
      52
      48
      62
      57
      50
      50
      55
      62
      53
      65
      57
      49
      58
      59
      63
      56
      56
      51
      65
      56
      68
      44
      64
      61
      66
      69
      56
      54
      58
      46
      63
      53
      57
      67
      55
      57
      49
      65
      56
      66
      50
      61
      55
      55
      63
      54
      45
      54
      49
      54
      61
      62
      81
      65
      67
      67
      57
      78
      65
      56
      66
      68
      61
      61
      53
      56
      66
      66
      56
      63
      81
      78
      58
      72
      82
      65
      71
      76
      69
      69
      64
      70
      73
      75
      76
      65
      65
      66
      55
      58
      65
      48
      74
      72
      71
      58
      80
      69
      74
      75
      57
      68
      68
      63
      65
      56
      75
      63
      73
      59
      61
      69
      81
      63
      74
      72
      67
      81
      86
      63
      66
      80
      69
      62
      64
      58
      74
      66
      66
      63
      79
      66
      73
      68
      78
      74
      60
      64
      70
      75
      61
      70
      77
      78
      85
      73
      48
      81
      79
      65
      81
      60
      75
      54
      86
      67
      73
      72
      64
      85
      64
      80
      72
      64
      65
      66
      57
      63
      88
      69
      81
      64
      78
      70
      60
      64
      59
      59
      81
      74
      73
      77
      53
      68
      86
      66
      58
      77
      85
      73
      69
      64
      63
      74
      75
      77
      81
      81
      71
      83
      73
      59
      60
      77
      65
      78
      59
      78
      79
      68
      85
      79
      89
      75
      67
      83
      69
      81
      83
      57
      76
      71
      72
      69
      70
      64
      67
      81
      89
      64
      67
      62
      67
      69
      58
      72
      68
      75
      82
      56
      63
      75
      73
      67
      75
      76
      56
      62
      64
      70
      65
      56
      63
      78
      66
      67
      69
      89
      74
      76
      62
      76
      77
      56
      60
      73
      62
      50
      64
      69
      67
      52
      69
      68
      71
      65
      79
      73
      64
      69
      58
      63
      78
      72
      60
      67
      71
      66
      71
      68
      53
      69
      74
      63
      53
      67
      57
      66
      59
      68
      74
      56
      70
      65
      73
      53
      82
      71
      70
      67
      69
      71
      75
      59
      58
      58
      63
      66
      62
      68
      58
      66
      66
      70
      68
      73
      59
      68
      66
      76
      77
      64
      57
      65
      69
      62
      63
      57
      72
      50
      68
      64
      65
      59
      55
      59
      69
      54
      60
      63
      72
      66
      68
      63
      78
      56
      62
      52
      57
      64
      73
      76
      52
      81
      53
      48
      55
      61
      60
      67
      62
      56
      64
      64
      58
      60
      63
      51
      71
      62
      67
      71
      50
      63
      58
      50
      52
      54
      67
      64
      52
      60
      55
      64
      52
      63
      62
      55
      57
      67
      61
      52
      55
      57
      61
      47
      63
      57
      64
      49
      64
      65
      65
      88
      56
      57
      50
      58
      73
      72
      55
      44
      67
      49
      67
      50
      49
      54
      57
      58
      61
      66
      46
      47
      44
      65
      60
      61
      57
      45
      66
      43
      55
      52
      62
      56
      38
      61
      48
      56
      58
      56
      48
      53
      45
      40
      49
      67
      74
      64
      44
      58
      75
      52
      52
      45
      56
      53
      56
      54
      44
      65
      49
      45
      59
      56
      58
      64
      41
      53
      46
      52
      48
      53
      58
      51
      59
      51
      64
      57
      57
      46
      49
      63
      46
      48
      48
      52
      63
      40
      61
      65
      51
      64
      52
      51
      43
      50
      53
      42
      45
      58
      66
      64
      59
      59
      60
      46
      63
      44
      54
      49
      64
      68
      56
      64
      57
      66
      59
      49
      63
      55
      63
      54
      42
      51
      64
      62
      57
      72
      47
      61
      56
      60
      57
      61
      41
      51
      43
      62
      58
      66
      56
      45
      53
      63
      55
      53
      48
      57
      59
      45
      56
      62
      49
      60
      51
      52
      58
      48
      64
      55
      55
      64
      40
      50
      47
      60
      60
      53
      57
      53
      58
      45
      45
      56
      38
      38
      48
      47
      45
      41
      48
      39
      56
      57
      39
      62
      53
      43
      48
      53
      47
      45
      47
      55
      77
      88
      74
      50
      65
      44
      48
      59
      59
      52
      61
      66
      63
      47
      57
      50
      51
      50
      41
      38
      42
      39
      55
      58
      44
      40
      43
      40
      44
      46
      47
      45
      55
      53
      48
      60
      62
      50
      41
      48
      49
      44
      45
      33
      47
      39
      45
      44
      43
      45
      45
      43
      53
      55
      38
      41
      38
      45
      38
      40
      41
      47
      49
      49
      51
      45
      38
      41
      47
      41
      47
      56
      34
      42
      40
      41
      38
      53
      38
      51
      63
      28
      36
      47
      48
      48
      45
      45
      45
      38
      44
      47
      42
      45
      46
      54
      43
      52
      33
      55
      45
      46
      39
      39
      55
      41
      28
      47
      37
      39
      52
      55
      34
      51
      46
      25
      51
      30
      44
      37
      45
      41
      35
      44
      42
      35
      33
      43
      41
      41
      56
      34
      43
      42
      41
      48
      49
      42
      38
      45
      39
      39
      50
      29
      40
      44
      38
      25
      25
      39
      44
      32
      27
      39
      31
      38
      37
      33
      38
      43
      39
      40
      37
      32
      38
      36
      40
      30
      38
      39
      36
      43
      43
      39
      35
      37
      42
      26
      42
      38
      39
      49
      32
      29
      30
      40
      38
      40
      40
      50
      41
      34
      36
      43
      30
      44
      37
      33
      43
      41
      40
      42
      48
      46
      53
      56
      47
      33
      49
      29
      34
      36
      36
      42
      39
      37
      42
      39
      39
      35
      44
      39
      32
      42
      39
      35
      28
      31
      39
      35
      45
      37
      55
      36
      37
      40
      38
      46
      40
      35
      39
      47
      25
      28
      27
      34
      36
      41
      40
      27
      32
      29
      34
      43
      39
      45
      43
      37
      25
      38
      38
      37
      41
      23
      36
      32
      28
      39
      33
      42
      41
      44
      28
      30
      29
      28
      40
      42
      41
      35
      31
      36
      38
      40
      34
      37
      37
      35
      40
      38
      37
      34
      34
      37
      31
      29
      24
      43
      37
      23
      31
      35
      35
      24
      28
      37
      30
      46
      38
      38
      27
      29
      40
      34
      32
      38
      39
      21
      38
      34
      46
      37
      27
      40
      40
      28
      33
      29
      30
      28
      39
      29
      27
      31
      32
      30
      39
      35
      44
      45
      37
      30
      32
      33
      40
      41
      29
      38
      34
      36
      29
      26
      30
      29
      36
      29
      36
      40
      30
      37
      32
      41
      43
      34
      31
      34
      35
      39
      30
      30
      36
      37
      31
      24
      38
      39
      31
      24
      34
      29
      30
      29
      26
      29
      27
      29
      25
      50
      37
      40
      27
      29
      40
      41
      25
      35
      25
      37
      32
      35
      39
      26
      29
      42
      31
      42
      41
      45
      57
      55
      50
      38
      19
      43
      24
      46
      34
      28
      29
      36
      34
      23
      43
      34
      26
      32
      36
      38
      36
      30
      46
      31
      34
      39
      33
      26
      27
      37
      26
      20
      29
      30
      30
      32
      38
      27
      32
      21
      23
      33
      22
      26
      47
      36
      26
      24
      27
      35
      35
      30
      26
      18
      29
      43
      24
      25
      27
      28
      25
      33
      30
      30
      32
      37
      41
      24
      18
      16
      36
      29
      32
      38
      25
      30
      25
      39
      31
      41
      33
      23
      31
      26
      42
      30
      30
      28
      38
      23
      38
      39
      29
      26
      39
      31
      34
      37
      28
      28
      34
      27
      22
      33
      34
      28
      26
      36
      34
      29
      29
      32
      30
      29
      38
      25
      24
      35
      32
      38
      28
      22
      30
      34
      20
      37
      32
      28
      25
      23
      19
      28
      35
      38
      22
      20
      24
      34
      22
      30
      30
      34
      36
      37
      25
      30
      28
      34
      35
      26
      23
      31
      34
      25
      27
      31
      28
      34
      25
      36
      34
      45
      25
      28
      34
      24
      19
      30
      31
      25
      37
      27
      22
      33
      32
      24
      23
      27
      21
      22
      32
      21
      28
      31
      20
      32
      37
      20
      31
      34
      22
      31
      30
      34
      24
      35
      30
      28
      20
      22
      29
      25
      28
      23
      26
      23
      32
      28
      24
      35
      34
      41
      24
      29
      22
      28
      22
      39
      26
      23
      35
      29
      23
      38
      32
      22
      31
      25
      33
      26
      36
      35
      27
      33
      26
      20
      27
      24
      32
      27
      23
      24
      39
      37
      29
      22
      14
      25
      44
      26
      21
      33
      36
      25
      38
      28
      19
      27
      38
      25
      33
      22
      34
      34
      33
      28
      21
      22
      32
      37
      23
      27
      29
      22
      36
      32
      30
      36
      36
      23
      24
      23
      26
      28
      22
      15
      25
      27
      22
      25
      26
      33
      33
      24
      27
      28
      22
      25
      19
      16
      21
      25
      25
      31
      35
      38
      34
      19
      28
      38
      29
      19
      30
      24
      27
      35
      21
      20
      25
      19
      33
      26
      20
      22
      24
      22
      21
      24
      24
      22
      25
      20
      21
      22
      23
      24
      28
      30
      34
      23
      31
      25
      31
      34
      24
      31
      29
      28
      32
      24
      26
      21
      29
      32
      30
      28
      28
      23
      23
      17
      29
      32
      33
      29
      29
      27
      18
      26
      18
      28
      32
      31
      14
      27
      26
      25
      11
      25
      22
      32
      31
      25
      21
      28
      31
      28
      19
      26
      30
      37
      29
      26
      28
      20
      28
      23
      22
      25
      25
      23
      23
      30
      23
      30
      31
      22
      36
      34
      23
      30
      29
      25
      30
      25
      24
      30
      17
      26
      26
      20
      22
      25
      34
      31
      30
      26
      21
      25
      21
      23
      30
      30
      22
      28
      24
      27
      22
      20
      22
      32
      22
      24
      37
      21
      27
      24
      22
      20
      13
      35
      25
      29
      27
      17
      24
      22
      32
      22
      31
      33
      26
      24
      34
      28
      21
      32
      30
      21
      21
      20
      26
      25
      30
      33
      29
      20
      32
      23
      20
      34
      25
      24
      34
      24
      37
      27
      20
      33
      25
      29
      22
      27
      23
      22
      29
      27
      24
      20
      32
      23
      30
      22
      16
      28
      31
      24
      27
      17
      16
      19
      29
      21
      18
      32
      26
      25
      23
      32
      32
      21
      24
      23
      25
      31
      31
      22
      29
      40
      29
      28
      32
      25
      39
      23
      30
      29
      23
      29
      32
      24
      31
      15
      29
      25
      19
      26
      25
      24
      25
      34
      32
      17
      31
      23
      10
      29
      26
      34
      38
      29
      33
      34
      28
      24
      35
      39
      45
      42
      64
      74
      66
      84
      86
      85
      77
      61
      60
      47
      50
      52
      38
      30
      32
      25
      36
      21
      34
      30
      28
      29
      27
      26
      23
      32
      26
      18
      24
      13
      26
      18
      17
      17
      15
      21
      39
      20
      18
      22
      21
      26
      15
      17
      25
      23
      25
      19
      17
      15
      15
      24
      25
      20
      18
      36
      24
      17
      15
      25
      30
      38
      23
      29
      22
      26
      16
      25
      19
      21
      18
      31
      15
      23
      23
      23
      29
      27
      20
      19
      21
      20
      27
      20
      21
      20
      23
      24
      18
      21
      22
      29
      16
      25
      19
      19
      26
      27
      34
      21
      22
      17
      18
      23
      36
      18
      21
      31
      19
      32
      28
      19
      27
      27
      21
      24
      18
      29
      26
      20
      32
      13
      29
      23
      24
      19
      35
      27
      22
      25
      25
      20
      30
      22
      21
      27
      23
      26
      14
      27
      22
      27
      20
      17
      24
      21
      17
      20
      17
      25
      16
      22
      24
      24
      24
      17
      24
      30
      31
      19
      18
      32
      22
      22
      38
      27
      25
      20
      15
      20
      18
      21
      21
      20
      25
      20
      23
      23
      23
      30
      33
      29
      23
      27
      15
      30
      18
      24
      18
      23
      22
      17
      24
      20
      20
      25
      25
      31
      18
      35
      28
      25
      27
      27
      23
      30
      22
      30
      27
      24
      20
      20
      22
      23
      23
      27
      19
      21
      22
      20
      21
      25
      38
      22
      21
      21
      24
      22
      28
      25
      29
      18
      25
      24
      30
      14
      22
      23
      25
      27
      20
      21
      28
      28
      17
      28
      24
      26
      13
      24
      26
      25
      22
      23
      21
      20
      29
      28
      30
      28
      31
      26
      38
      31
      22
      29
      25
      31
      28
      34
      18
      27
      29
      25
      26
      23
      26
      18
      23
      30
      34
      19
      21
      30
      20
      28
      25
      23
      24
      19
      30
      28
      19
      23
      22
      24
      16
      25
      23
      26
      23
      27
      20
      17
      28
      29
      17
      20
      26
      25
      27
      21
      23
      18
      20
      11
      26
      23
      21
      31
      18
      24
      25
      16
      28
      25
      26
      17
      28
      31
      18
      22
      25
      30
      19
      19
      21
      20
      21
      25
      29
      25
      21
      19
      24
      26
      20
      14
      23
      26
      17
      27
      24
      30
      39
      35
      49
      37
      37
      51
      40
      29
      27
      29
      18
      20
      31
      32
      25
      31
      20
      20
      21
      26
      24
      26
      33
      19
      24
      29
      18
      20
      27
      19
      21
      22
      21
      33
      26
      20
      32
      17
      23
      16
      13
      16
      24
      20
      23
      22
      25
      32
      28
      27
      19
      26
      24
      21
      24
      23
      20
      19
      26
      17
      26
      24
      26
      27
      18
      17
      26
      26
      23
      27
      28
      15
      15
      22
      23
      24
      30
      25
      17
      21
      22
      22
      21
      34
      18
      21
      20
      17
      25
      25
      24
      22
      25
      24
      21
      21
      24
      23
      17
      26
      22
      20
      15
      21
      25
      20
      16
      30
      25
      17
      24
      21
      28
      18
      21
      24
      29
      29
      19
      23
      13
      20
      20
      26
      24
      34
      22
      16
      28
      25
      24
      23
      26
      20
      23
      19
      21
      22
      17
      19
      21
      15
      23
      16
      23
      23
      17
      25
      23
      26
      33
      24
      19
      18
      22
      20
      27
      23
      27
      22
      29
      19
      27
      20
      32
      18
      17
      26
      16
      19
      19
      19
      13
      30
      24
      19
      23
      21
      25
      25
      22
      22
      20
      32
      21
      27
      21
      30
      25
      25
      15
      29
      19
      27
      25
      23
      18
      27
      27
      30
      26
      30
      28
      26
      19
      25
      26
      20
      24
      21
      27
      11
      25
      29
      25
      20
      18
      25
      23
      23
      33
      21
      13
      18
      33
      19
      16
      25
      19
      20
      22
      26
      21
      24
      20
      20
      31
      24
      35
      27
      18
      24
      20
      22
      24
      21
      11
      28
      25
      34
      26
      23
      34
      22
      18
      31
      19
      25
      14
      21
      14
      29
      20
      18
      20
      22
      20
      25
      23
      23
      28
      20
      32
      23
      25
      29
      26
      19
      18
      15
      29
      20
      25
      20
      25
      26
      24
      21
      25
      29
      19
      32
      30
      27
      26
      26
      28
      28
      21
      17
      24
      24
      26
      25
      25
      20
      22
      34
      18
      11
      18
      21
      23
       9
      29
      33
      32
      25
      24
      24
      19
      29
      18
      16
      19
      19
      30
      22
      20
      27
      20
      23
      27
      29
      16
      29
      30
      26
      33
      14
      22
      22
      25
      27
      27
      24
      27
      22
      19
      18
      28
      31
      24
      30
      23
      26
      18
      17
      19
      20
      22
      18
      21
      21
      31
      22
      25
      23
      22
      21
      24
      27
      30
      20
      23
      37
      16
      24
      33
      13
      31
      26
      23
      22
      27
      19
      24
      14
      24
      24
      21
      18
      23
      20
      26
      23
      20
      25
      26
      23
      26
      25
      26
      23
      32
      13
      29
      22
      19
      25
      25
      24
      27
      20
      28
      30
      21
      24
      23
      25
      26
      27
      28
      23
      22
      32
      24
      21
      20
      26
      27
      23
      29
      28
      35
      21
      21
      24
      28
      30
      28
      17
      24
      26
      29
      16
      19
      33
      24
      19
      22
      20
      20
      29
      20
      33
      22
      25
      18
      21
      18
      17
      27
      28
      34
      16
      27
      29
      30
      28
      24
      30
      30
      30
      24
      17
      28
      19
      24
      19
      21
      30
      21
      20
      34
      30
      25
      17
      25
      29
      19
      27
      28
      19
      26
      28
      21
      30
      18
      24
      26
      25
      26
      23
      29
      23
      21
      30
      29
      20
      23
      29
      23
      21
      28
      22
      30
      21
      20
      18
      21
      32
      28
      18
      27
      27
      27
      34
      26
      21
      20
      16
      23
      32
      28
      22
      20
      24
      25
      26
      26
      25
      21
      22
      25
      27
      22
      29
      24
      32
      31
      25
      16
      27
      19
      25
      22
      26
      19
      28
      25
      27
      24
      25
      22
      22
      26
      32
      23
      27
      32
      33
      29
      16
      18
      29
      31
      24
      29
      32
      27
      24
      27
      30
      24
      23
      27
      31
      16
      27
      15
      28
      19
      28
      16
      22
      25
      32
      23
      26
      23
      23
      26
      34
      25
      27
      28
      28
      16
      26
      29
      20
      26
      24
      18
      24
      30
      28
      22
      25
      22
      24
      31
      29
      26
      20
      28
      30
      26
      24
      23
      18
      26
      19
      27
      27
      35
      28
      27
      31
      26
      28
      19
      26
      16
      31
      16
      20
      26
      28
      15
      24
      25
      23
      29
      23
      29
      31
      22
      25
      24
      28
      27
      19
      24
      26
      20
      17
      22
      31
      23
      30
      25
      30
      26
      32
      23
      23
      28
      21
      33
      35
      20
      26
      21
      22
      22
      24
      18
      21
      26
      30
      32
      24
      19
      22
      20
      35
      17
      32
      17
      26
      26
      28
      29
      31
      31
      26
      21
      20
      27
      25
      30
      32
      25
      31
      28
      19
      21
      24
      27
      28
      31
      19
      23
      18
      20
      24
      23
      38
      24
      18
      36
      27
      31
      18
      17
      23
      37
      28
      27
      26
      22
      25
      19
      30
      23
      19
      32
      22
      20
      34
      28
      22
      25
      26
      16
      32
      37
      39
      22
      31
      28
      23
      24
      29
      24
      31
      16
      27
      23
      37
      31
      21
      29
      29
      22
      17
      28
      29
      26
      27
      23
      32
      19
      27
      25
      35
      24
      29
      29
      31
      30
      31
      27
      27
      32
      26
      36
      18
      19
      30
      31
      28
      28
      28
      24
      19
      35
      39
      29
      34
      23
      27
      22
      22
      28
      25
      30
      29
      32
      22
      36
      31
      26
      30
      35
      22
      23
      39
      29
      35
      28
      28
      29
      25
      28
      23
      24
      25
      23
      29
      30
      28
      29
      29
      31
      34
      26
      24
      24
      23
      32
      26
      32
      26
      29
      21
      19
      28
      32
      31
      30
      24
      28
      30
      29
      24
      34
      20
      38
      33
      31
      29
      27
      20
      23
      27
      37
      26
      28
      24
      27
      22
      31
      26
      35
      21
      21
      37
      22
      30
      30
      38
      31
      33
      26
      30
      29
      20
      21
      30
      27
      28
      27
      25
      35
      41
      24
      21
      25
      31
      32
      25
      28
      27
      34
      25
      23
      26
      20
      32
      25
      30
      27
      25
      26
      33
      34
      19
      25
      36
      28
      25
      36
      37
      26
      28
      38
      24
      22
      27
      28
      33
      22
      25
      33
      35
      24
      25
      25
      23
      35
      34
      39
      35
      23
      33
      30
      19
      31
      28
      24
      35
      19
      35
      18
      22
      27
      25
      24
      28
      31
      30
      34
      29
      23
      25
      20
      29
      35
      26
      30
      27
      29
      28
      34
      39
      35
      26
      20
      38
      25
      26
      26
      31
      33
      27
      24
      27
      34
      38
      34
      19
      30
      35
      38
      27
      27
      39
      28
      19
      32
      35
      32
      31
      28
      29
      28
      35
      30
      38
      35
      29
      26
      42
      35
      28
      41
      37
      24
      35
      35
      38
      32
      29
      25
      41
      34
      37
      40
      33
      25
      33
      29
      32
      31
      33
      38
      38
      30
      35
      42
      30
      28
      23
      32
      24
      27
      35
      28
      26
      25
      29
      43
      28
      25
      35
      41
      32
      26
      28
      33
      28
      31
      40
      38
      31
      31
      29
      36
      33
      37
      36
      36
      44
      49
      32
      38
      33
      41
      44
      31
      40
      41
      28
      31
      39
      30
      32
      45
      30
      41
      33
      44
      27
      34
      38
      41
      34
      33
      28
      21
      35
      34
      43
      28
      39
      30
      26
      32
      25
      30
      33
      35
      48
      38
      41
      40
      36
      33
      33
      32
      29
      40
      32
      41
      42
      43
      30
      39
      32
      48
      41
      40
      32
      35
      44
      28
      42
      33
      45
      28
      26
      29
      38
      45
      36
      43
      42
      41
      29
      31
      31
      37
      33
      47
      44
      28
      33
      32
      40
      37
      35
      42
      39
      49
      30
      36
      38
      39
      40
      30
      30
      43
      45
      25
      37
      30
      30
      37
      37
      46
      35
      34
      31
      39
      39
      36
      34
      54
      47
      26
      22
      32
      32
      26
      45
      36
      24
      30
      42
      39
      49
      63
      36
      51
      36
      33
      43
      40
      37
      47
      40
      43
      31
      39
      43
      44
      41
      49
      32
      41
      43
      44
      35
      28
      42
      42
      46
      39
      43
      38
      37
      45
      39
      34
      39
      38
      36
      31
      49
      54
      38
      30
      30
      45
      29
      38
      43
      48
      37
      45
      40
      38
      30
      45
      31
      42
      38
      36
      35
      41
      31
      29
      29
      30
      39
      38
      33
      36
      36
      35
      36
      42
      49
      39
      34
      24
      37
      35
      37
      50
      39
      38
      36
      36
      37
      28
      31
      26
      30
      27
      43
      31
      41
      25
      32
      30
      23
      28
      30
      25
      33
      31
      36
      36
      24
      28
      36
      28
      41
      26
      35
      34
      26
      35
      26
      31
      28
      31
      27
      26
      26
      46
      33
      37
      23
      29
      34
      26
      33
      19
      23
      41
      27
      29
      24
      37
      27
      27
      23
      27
      30
      34
      30
      27
      27
      35
      40
      24
      26
      25
      24
      23
      28
      38
      33
      26
      25
      27
      25
      30
      42
      33
      29
      27
      34
      23
      30
      38
      29
      27
      32
      26
      22
      24
      21
      40
      20
      29
      22
      29
      27
      24
      34
      32
      37
      32
      33
      23
      25
      36
      32
      27
      13
      29
      32
      26
      22
      35
      29
      17
      27
      31
      36
      30
      30
      25
      21
      27
      20
      19
      30
      26
      24
      29
      26
      30
      25
      29
      26
      35
      27
      27
      33
      35
      24
      24
      29
      25
      28
      23
      35
      32
      35
      33
      36
      38
      30
      35
      20
      24
      30
      28
      32
      38
      26
      23
      20
      33
      29
      35
      19
      16
      23
      22
      34
      16
      24
      30
      26
      27
      15
      22
      19
      19
      28
      26
      21
      30
      38
      19
      35
      26
      27
      26
      29
      19
      26
      24
      32
      28
      34
      23
      26
      35
      24
      23
      31
      34
      24
      31
      23
      36
      27
      31
      22
      25
      19
      24
      28
      25
      23
      17
      21
      29
      29
      28
      18
      19
      29
      28
      31
      27
      25
      24
      26
      27
      31
      20
      34
      28
      28
      26
      30
      26
      30
      25
      31
      23
      30
      21
      33
      25
      30
      28
      27
      29
      25
      20
      22
      24
      25
      26
      32
      29
      21
      25
      28
      22
      33
      30
      25
      26
      13
      32
      31
      27
      25
      24
      18
      22
      18
      28
      29
      21
      23
      22
      34
      37
      29
      25
      27
      24
      18
      29
      26
      25
      26
      20
      19
      24
      36
      23
      24
      33
      31
      21
      34
      13
      25
      23
      20
      30
      28
      22
      23
      20
      20
      25
      24
      28
      26
      26
      26
      19
      28
      19
      35
      31
      20
      26
      27
      29
      24
      34
      23
      20
      27
      25
      28
      23
      13
      22
      24
      19
      21
      37
      34
      27
      26
      28
      19
      23
      16
      18
      34
      26
      29
      20
      18
      23
      28
      19
      35
      21
      22
      22
      26
      20
      38
      16
      20
      30
      25
      23
      30
      22
      30
      33
      23
      17
      26
      27
      20
      22
      22
      23
      21
      20
      25
      23
      20
      26
      27
      32
      25
      25
      27
      29
      22
      30
      26
      23
      22
      20
      24
      28
      23
      24
      27
      31
      22
      30
      28
      29
      21
      23
      25
      33
      26
      24
      25
      39
      27
      26
      17
      26
      29
      26
      26
      22
      19
      23
      26
      24
      31
      28
      25
      27
      33
      23
      30
      36
      34
      23
      25
      24
      25
      21
      25
      29
      31
      27
      24
      19
      24
      31
      32
      26
      30
      14
      34
      33
      23
      29
      27
      25
      31
      31
      18
      31
      31
      25
      22
      31
      28
      35
      29
      34
      26
      27
      20
      26
      36
      30
      39
      34
      37
      33
      35
      31
      19
      25
      23
      28
      27
      34
      20
      21
      34
      30
      30
      27
      21
      23
      18
      29
      21
      22
      28
      27
      26
      21
      32
      26
      47
      30
      21
      27
      32
      31
      32
      33
      33
      32
      33
      24
      24
      28
      23
      24
      18
      30
      23
      28
      26
      26
      18
      26
      21
      27
      29
      28
      20
      34
      27
      24
      24
      29
      18
      29
      26
      29
      24
      26
      24
      24
      20
      17
      26
      16
      31
      21
      20
      13
      18
      23
      19
      18
      21
      22
      16
      24
      13
      17
      12
      25
      23
      22
      20
      12
      14
      17
      19
      27
      16
      19
      20
      16
      16
      23
      17
      15
      14
      26
      19
      21
      19
      18
      15
      21
      16
       9
      16
      13
      13
      15
      16
      23
      20
      19
      14
      19
      16
      16
      24
      22
      25
      25
      16
      21
      16
      16
      20
      13
      13
      15
      16
      20
      25
      24
      14
      18
      17
      20
      29
      22
      18
      16
      21
       9
      18
      17
      19
      13
      22
      20
      18
      17
      22
      24
      15
      19
      19
      18
      15
      23
      12
      23
      21
      19
       8
      11
      17
      17
      22
      11
      28
      12
      11
      14
      14
      20
      17
      19
      19
      30
      15
       7
      18
      18
      19
      21
      23
      17
      18
      14
      18
      20
      17
      22
      17
      18
      14
      14
      20
      19
      17
      24
      21
      22
      29
      17
      19
      18
      24
      33
      29
      13
      23
      21
      18
      28
      27
      20
      23
      26
      34
      26
      50
      42
      41
      50
      80
     113
     138
     203
     281
     357
     389
     527
     605
     628
     686
     788
     786
     781
     831
     855
     847
     904
     823
     803
     723
     613
     490
     335
     280
     222
     146
     108
      66
      70
      60
      52
      48
      28
      39
      29
      22
      21
      18
      19
      20
      19
      19
      19
      16
      14
      10
      10
      13
      16
      13
      15
       8
      18
      12
      16
       8
      19
      11
      13
      15
       7
      16
      18
      10
      18
      19
      11
      15
       5
      11
       5
       7
      18
      14
      11
      10
      12
      13
      15
      12
      15
       7
      13
       8
      12
       6
      12
      13
      13
      12
       9
       7
      16
       9
       8
      12
      13
       7
      13
       8
       8
      13
      11
       5
      16
       9
       6
       5
      11
      16
      16
       8
      12
       9
      14
       6
       9
      10
      14
      14
      17
       6
       7
       4
      10
       7
      11
      13
      13
       7
       6
      13
       8
       9
       9
       9
      10
       5
      11
      12
      11
      10
      11
      12
       5
       6
       8
       9
       6
       4
       9
       5
      11
       8
       3
      17
       8
       6
      10
       6
      12
       8
       8
       2
       5
       8
       6
      12
       7
       8
       7
       7
      11
       9
      10
       8
      10
       7
       5
       7
       9
      10
       4
      12
       7
       7
      10
       1
       7
       9
       7
       6
      10
      11
       3
      10
       6
      16
       2
       7
       9
       5
       8
       4
       7
      10
      10
       5
       8
       4
      13
       6
      11
       8
       6
       9
       7
      11
       8
       3
      11
      10
       6
       9
       4
       7
       8
       5
       9
       1
       6
       9
       8
       7
       4
       3
       6
       2
       6
       6
      13
      10
       9
      12
       6
       7
       9
      10
       7
      10
       5
       7
       8
       7
       8
      13
       5
       8
       9
      10
       3
       3
       6
       6
       4
       8
       9
       7
       6
       8
       5
       8
       7
       5
       9
      10
      12
       6
       9
       2
       3
       5
       5
       8
       9
       7
       8
       9
       1
       8
       5
       6
       5
       7
       7
       8
      10
       7
       9
       7
       4
      11
       7
       5
      10
       9
      11
       3
       4
       2
       2
       8
       6
       5
       3
       5
       8
      13
       3
       4
       3
       7
       5
       4
       5
       6
      13
       7
       7
       6
       4
       7
       8
       9
       4
       8
       2
       3
       6
       7
       7
       6
       6
       6
      12
       5
       3
       4
       4
       9
       7
       5
       5
       7
       4
      10
       3
       4
       5
       5
       4
       4
       4
       5
       3
       5
       5
       2
       3
       7
      11
       4
       4
      10
       5
       2
       8
      10
       3
       5
       8
       6
      10
       6
       7
       9
       3
       9
       4
       8
      11
       8
       5
       5
       7
      13
       9
       1
       5
       4
      10
       5
       4
       9
       9
       8
       5
       6
       3
       6
       6
       6
       7
      11
       4
       7
       5
       8
       6
       7
       4
       1
       9
       2
       6
       3
       9
       8
       6
       6
       0
       6
       9
       7
       8
       6
       9
       8
       8
       8
      10
       7
       9
      12
      13
      10
       4
      13
      14
      10
      10
      13
       9
       6
      10
       4
       5
       5
       5
       5
       4
       6
       6
       6
       7
       6
       5
       6
       3
       7
       5
       3
       5
      10
       3
       9
       3
       1
       4
       1
       7
       5
       7
       6
       8
       3
       2
       6
       6
       3
       9
       5
       8
       6
       8
      10
       6
       2
       4
       9
       4
       3
       6
       5
      10
       3
       3
       7
       3
       6
       5
       3
       9
       9
       7
       2
       4
       6
       8
       8
       3
       2
       5
       7
       5
       6
       3
       7
       6
       6
       3
       6
       6
       5
       8
       4
      10
      10
      11
       8
      12
       7
       5
       7
       5
       6
       7
      11
      13
       8
      11
      10
      10
       6
       9
       8
      11
       6
       9
      10
       9
      11
      10
       9
      15
      15
      30
      37
      49
      43
      61
      90
     120
     143
     217
     276
     331
     396
     454
     530
     581
     588
     602
     619
     647
     670
     687
     738
     725
     726
     631
     582
     539
     488
     391
     315
     219
     166
     112
      86
      70
      48
      43
      43
      33
      29
      21
      18
      10
      18
      12
       3
       9
       6
       5
       8
       1
       4
       5
       3
       6
       4
       8
       6
       5
       2
       4
       3
       5
       2
       2
       4
       1
       7
       3
       1
       4
       1
       4
       0
       3
       3
       4
       3
       2
       3
       2
       3
       1
       3
       4
       4
       6
       5
       3
       5
       5
       3
       2
       4
       3
       6
       4
       2
       0
       2
       4
       3
       3
       4
       3
       3
       5
       5
       1
       1
       4
       1
       1
       6
       2
       2
       3
       3
       2
       2
       1
       3
       3
       6
       3
       4
       1
       4
       0
       2
       3
       4
       3
       3
       4
       2
       5
       1
       0
       3
       2
       1
       5
       3
       1
       3
       3
       2
       3
       1
       3
       2
       0
       4
       2
       3
       0
       1
       1
       2
       5
       1
       5
       5
       5
       4
       1
       3
       4
       0
       2
       5
       3
       4
       3
       4
       2
       5
       5
       1
       3
       2
       4
       5
       3
       7
       3
       1
       7
       3
       7
       5
       4
       1
       1
       3
       4
       1
       4
       2
       2
       4
       2
       0
       4
       2
       3
       4
       2
       0
       2
       2
       4
       0
       2
       1
       4
       3
       3
       2
       3
       4
       3
       2
       4
       3
       2
       3
       2
       1
       0
       2
       4
       4
       5
       2
       6
       3
       4
       2
       0
       2
       2
       2
       5
       5
       0
       4
       2
       4
       6
       3
       0
       4
       2
       3
       2
       3
       7
       1
       2
       4
       1
       2
       4
       2
       5
       2
       0
       4
       2
       1
       6
       4
       2
       1
       2
       3
       2
       3
       1
       3
       2
       4
       2
       3
       6
       2
       7
       1
       2
       3
       2
       6
       4
       2
       0
       2
       3
       4
       5
       2
       1
       2
       1
       2
       1
       2
       1
       3
       3
       3
       1
       7
       3
       2
       2
       2
       4
       3
       2
       4
       1
       2
       5
       3
       4
       5
       3
       3
       2
       0
       5
       2
       5
       4
       1
       2
       4
       4
       2
       2
       4
       2
       2
       7
       4
       4
       2
       2
       4
       1
       3
       1
       2
       2
       3
       2
       1
       2
       0
       0
       6
       2
       3
       2
       3
       5
       3
       1
       4
       0
       2
       3
       0
       0
       4
       5
       1
       2
       2
       1
       2
       1
       3
       2
       3
       2
       2
       3
       2
       1
       1
       0
       4
       2
       3
       3
       3
       2
       1
       3
       1
       4
       4
       2
       5
       3
       1
       2
       2
       1
       2
       4
       3
       4
       0
       1
       3
       1
       2
       4
       1
       6
       3
       3
       5
       3
       1
       6
       1
       1
       2
       4
       1
       2
       0
       3
       7
       1
       4
       7
       3
       2
       2
       2
       3
       5
       1
       7
       2
       1
       2
       3
       4
       6
       2
       4
       1
       3
       3
       4
       4
       4
       8
       6
      10
      12
      10
       7
      14
      21
      26
      21
      26
      33
      25
      23
      33
      35
      45
      49
      26
      38
      35
      34
      39
      28
      28
      24
      16
      12
       7
       4
       6
       7
       2
       0
       2
       4
       4
       4
       0
       3
       4
       0
       2
       5
       3
       1
       0
       4
       2
       1
       3
       1
       4
       3
       1
       1
       2
       2
       8
       6
       1
       2
       3
       2
       0
       1
       0
       4
       1
       3
       5
       4
       0
       5
       4
       0
       1
       1
       3
       1
       5
       2
       4
       2
       1
       1
       1
       1
       3
       3
       2
       1
       3
       2
       0
       3
       4
       2
       1
       3
       1
       2
       1
       4
       2
       2
       3
       3
       0
       4
       3
       3
       1
       4
       2
       5
       2
       2
       3
       3
       0
       3
       1
       2
       2
       1
       1
       2
       3
       2
       3
       1
       3
       5
       1
       1
       3
       1
       5
       2
       0
       1
       2
       1
       5
       4
       4
       1
       1
       5
       2
       2
       2
       5
       1
       2
       2
       1
       1
       2
       0
       2
       2
       4
       0
       1
       3
       1
       3
       6
       3
       5
       4
       1
       1
       2
       4
       6
       0
       3
       3
       3
       6
       5
       2
       2
       1
       0
       2
       3
       2
       1
       1
       4
       2
       0
       5
       2
       2
       1
       3
       3
       3
       3
       0
       1
       3
       2
       2
       3
       2
       1
       1
       1
       1
       2
       1
       6
       2
       0
       4
       1
       2
       3
       2
       1
       2
       2
       1
       1
       3
       1
       3
       4
       1
       0
       1
       0
       1
       3
       1
       4
       2
       3
       1
       6
       2
       3
       1
       1
       1
       4
       1
       1
       0
       3
       3
       1
       3
       2
       0
       2
       2
       4
       6
       1
       5
       1
       2
       3
       1
       2
       1
       0
       2
       1
       3
       1
       1
       2
       1
       2
       0
       4
       2
       1
       2
       3
       1
       3
       6
       2
       3
       4
       1
       2
       6
       3
       1
       2
       3
       4
       2
       2
       0
       3
       3
       3
       3
       0
       0
       6
       3
       1
       3
       3
       1
       2
       2
       3
       1
       0
       2
       4
       3
       4
       2
       3
       2
       1
       3
       3
       1
       3
       2
       1
       3
       1
       2
       2
       1
       1
       3
       1
       3
       2
       1
       3
       2
       0
       0
       0
       5
       4
       1
       0
       4
       4
       2
       0
       6
       3
       2
       0
       1
       3
       2
       1
       3
       0
       2
       0
       2
       3
       3
       0
       2
       1
       2
       0
       3
       0
       0
       2
       3
       0
       1
       1
       1
       1
       1
       1
       1
       3
       0
       3
       0
       4
       2
       1
       2
       2
       3
       5
       2
       4
       2
       1
       2
       1
       2
       1
       1
       2
       3
       1
       2
       3
       5
       2
       2
       1
       6
       3
       1
       4
       3
       3
       2
       0
       1
       2
       2
       3
       5
       1
       2
       4
       4
       3
       0
       3
       2
       1
       3
       2
       3
       2
       5
       2
       1
       1
       4
       2
       5
       2
       1
       2
       1
       1
       0
       4
       0
       7
       1
       0
       4
       1
       2
       2
       2
       5
       3
       2
       3
       0
       4
       5
       2
       2
       2
       4
       3
       4
       3
       3
       3
       1
       4
       1
       2
       2
       2
       4
       3
       3
       3
       1
       4
       3
       1
       2
       8
       3
       3
       2
       4
       1
       2
       3
       1
       1
       2
       1
       1
       2
       5
       1
       1
       1
       0
       3
       0
       3
       2
       2
       3
       2
       1
       1
       2
       4
       5
       0
       2
       1
       2
       2
       1
       2
       2
       4
       3
       0
       5
       0
       2
       1
       2
       2
       1
       0
       3
       1
       2
       3
       1
       1
       2
       2
       1
       4
       3
       2
       1
       4
       1
       3
       2
       2
       1
       1
       1
       4
       3
       2
       2
       3
       1
       1
       4
       4
       3
       1
       0
       3
       2
       2
       4
       3
       2
       4
       2
       3
       0
       3
       0
       1
       1
       1
       1
       1
       1
       1
       2
       3
       2
       1
       1
       3
       1
       4
       2
       6
       1
       2
       1
       1
       0
       1
       3
       4
       3
       1
       3
       2
       4
       2
       1
       3
       3
       0
       1
       2
       3
       6
       6
       1
       2
       5
       3
       2
       1
       2
       2
       3
       2
       2
       3
       0
       2
       3
       2
       3
       3
       3
       4
       2
       3
       1
       4
       4
       2
       3
       1
       1
       0
       4
       5
       0
       0
       1
       3
       0
       1
       0
       2
       2
       4
       1
       0
       1
       3
       3
       4
       2
       5
       1
       2
       0
       2
       4
       2
       3
       1
       2
       1
       2
       0
       1
       0
       1
       2
       2
       4
       5
       0
       2
       2
       2
       1
       2
       2
       2
       2
       0
       1
       0
       3
       3
       1
       2
       3
       1
       3
       1
       4
       2
       2
       0
       1
       3
       3
       0
       5
       1
       1
       1
       2
       1
       0
       4
       5
       1
       1
       1
       2
       4
       4
       1
       1
       3
       1
       1
       1
       2
       2
       0
       1
       3
       1
       1
       3
       1
       4
       1
       3
       2
       2
       2
       2
       1
       0
       1
       2
       4
       2
       3
       2
       2
       3
       1
       2
       1
       1
       3
       1
       0
       1
       1
       3
       3
       2
       2
       3
       3
       4
       2
       2
       3
       1
       2
       2
       0
       2
       2
       0
       1
       2
       1
       3
       2
       0
       3
       3
       4
       0
       2
       4
       2
       1
       0
       2
       2
       0
       1
       1
       0
       1
       1
       2
       3
       3
       0
       2
       6
       3
       1
       1
       1
       3
       0
       2
       4
       1
       0
       1
       2
       2
       2
       2
       2
       2
       2
       2
       0
       2
       1
       2
       0
       0
       0
       2
       3
       2
       2
       1
       3
       2
       2
       4
       1
       2
       2
       2
       2
       1
       0
       2
       2
       4
       2
       3
       1
       1
       2
       5
       3
       2
       1
       4
       3
       2
       3
       1
       1
       3
       1
       3
       1
       1
       4
       1
       2
       2
       0
       2
       2
       2
       1
       5
       3
       0
       1
       1
       0
       1
       4
       5
       0
       4
       3
       1
       1
       0
       4
       3
       3
       2
       4
       2
       0
       8
       0
       1
       1
       1
       0
       0
       1
       1
       2
       0
       3
       2
       1
       1
       1
       2
       4
       0
       2
       1
       3
       1
       4
       2
       2
       3
       2
       1
       2
       0
       1
       1
       0
       0
       3
       0
       2
       2
       2
       1
       2
       3
       1
       1
       1
       1
       5
       2
       1
       4
       3
       1
       2
       4
       2
       4
       2
       4
       3
       0
       1
       2
       3
       1
       1
       4
       2
       1
       4
       2
       3
       2
       1
       1
       2
       2
       4
       0
       1
       1
       3
       1
       0
       2
       1
       1
       1
       4
       2
       0
       2
       0
       2
       2
       0
       1
       2
       2
       3
       2
       2
       2
       1
       2
       0
       1
       2
       4
       1
       1
       1
       2
       2
       2
       3
       2
       3
       3
       2
       3
       1
       1
       0
       5
       4
       0
       2
       3
       4
       2
       2
       2
       7
       1
       1
       1
       4
       3
       1
       2
       0
       1
       1
       2
       1
       2
       1
       2
       1
       2
       0
       3
       4
       2
       3
       2
       2
       3
       6
       2
       3
       2
       2
       3
       1
       3
       5
       2
       4
       6
       7
       4
       4
       4
       3
       1
       9
       4
       2
       3
       2
       3
       6
       4
       4
       4
       0
       4
       3
       0
       1
       2
       4
       3
       3
       1
       1
       0
       1
       4
       1
       2
       1
       3
       3
       1
       4
       1
       3
       2
       2
       2
       2
       1
       2
       0
       2
       1
       1
       1
       2
       2
       1
       0
       0
       2
       1
       2
       4
       1
       2
       2
       1
       0
       3
       0
       1
       1
       4
       2
       2
       2
       0
       1
       3
       3
       1
       0
       5
       0
       1
       3
       3
       0
       2
       1
       3
       1
       1
       2
       4
       2
       1
       1
       2
       0
       3
       2
       4
       1
       2
       1
       2
       0
       2
       3
       3
       2
       0
       0
       1
       0
       2
       1
       3
       2
       2
       2
       0
       4
       0
       3
       0
       0
       4
       1
       2
       0
       0
       1
       1
       1
       2
       0
       3
       2
       1
       1
       1
       1
       3
       3
       3
       1
       0
       3
       2
       3
       3
       3
       1
       3
       1
       1
       4
       1
       2
       0
       1
       3
       2
       4
       0
       1
       1
       2
       2
       2
       1
       0
       2
       2
       1
       2
       2
       1
       1
       3
       3
       1
       4
       3
       2
       1
       2
       0
       2
       0
       1
       0
       3
       2
       2
       1
       4
       2
       0
       1
       2
       0
       0
       2
       4
       0
       2
       1
       3
       1
       1
       2
       3
       2
       3
       1
       2
       2
       2
       1
       1
       2
       3
       1
       1
       0
       1
       1
       1
       0
       6
       1
       2
       3
       2
       2
       2
       1
       2
       0
       3
       1
       1
       3
       2
       2
       0
       2
       4
       1
       3
       1
       2
       2
       3
       1
       0
       0
       0
       0
       2
       4
       2
       1
       0
       2
       3
       1
       3
       1
       1
       1
       3
       1
       1
       2
       4
       4
       3
       2
       2
       1
       1
       1
       0
       4
       1
       4
       1
       3
       3
       2
       1
       1
       1
       3
       0
       2
       7
       3
       0
       1
       0
       2
       1
       1
       1
       2
       0
       4
       1
       0
       2
       0
       1
       1
       2
       0
       2
       4
       2
       1
       6
       1
       2
       0
       4
       2
       1
       2
       0
       2
       5
       1
       3
       3
       3
       2
       2
       3
       1
       0
       1
       6
       2
       1
       0
       1
       1
       0
       1
       2
       2
       1
       1
       1
       0
       2
       2
       2
       0
       2
       2
       3
       1
       2
       1
       0
       3
       1
       2
       3
       2
       1
       1
       1
       3
       0
       2
       1
       1
       2
       3
       3
       4
       7
       2
       2
       3
       4
       3
       2
       0
       1
       2
       2
       2
       0
       2
       1
       1
       0
       2
       2
       0
       0
       3
       2
       3
       0
       1
       3
       2
       1
       2
       0
       2
       4
       0
       1
       5
       1
       4
       0
       1
       2
       1
       1
       1
       3
       1
       1
       0
       3
       0
       2
       1
       2
       2
       4
       0
       2
       0
       2
       1
       1
       1
       1
       4
       2
       1
       1
       1
       2
       1
       3
       0
       3
       3
       0
       2
       4
       1
       0
       4
       1
       3
       0
       1
       2
       1
       2
       1
       2
       3
       3
       2
       4
       1
       3
       1
       2
       1
       0
       1
       1
       3
       0
       0
       2
       0
       1
       0
       3
       1
       0
       2
       1
       1
       3
       2
       0
       0
       1
       1
       0
       1
       0
       3
       0
       1
       3
       3
       5
       0
       2
       0
       1
       1
       3
       2
       1
       0
       1
       0
       4
       2
       1
       0
       2
       4
       0
       0
       0
       2
       4
       2
       1
       5
       2
       0
       1
       1
       3
       0
       2
       3
       2
       2
       0
       1
       0
       4
       1
       1
       3
       3
       2
       2
       4
       1
       2
       2
       2
       1
       3
       2
       1
       2
       2
       2
       3
       2
       1
       1
       2
       2
       0
       0
       0
       1
       3
       2
       1
       1
       2
       2
       1
       2
       1
       5
       3
       3
       2
       2
       0
       1
       0
       2
       1
       3
       0
       2
       3
       0
       1
       3
       4
       1
       3
       1
       0
       4
       1
       2
       2
       1
       4
       3
       2
       1
       1
       3
       0
       2
       1
       1
       2
       3
       0
       6
       2
       1
       1
       2
       0
       3
       2
       1
       4
       2
       1
       1
       1
       0
       1
       2
       1
       0
       2
       1
       4
       1
       1
       2
       4
       1
       1
       3
       4
       1
       1
       3
       3
       1
       5
       2
       3
       2
       0
       1
       4
       3
       1
       1
       1
       1
       1
       1
       1
       2
       2
       1
       2
       1
       2
       4
       0
       3
       3
       2
       5
       1
       2
       2
       1
       2
       0
       3
       1
       4
       2
       2
       0
       0
       2
       0
       3
       1
       0
       1
       1
       1
       1
       4
       1
       2
       2
       2
       1
       2
       1
       3
       2
       2
       0
       3
       2
       3
       1
       0
       0
       3
       3
       1
       1
       3
       0
       2
       1
       0
       2
       0
       0
       4
       0
       2
       0
       4
       1
       1
       1
       1
       2
       1
       1
       3
       2
       1
       2
       0
       2
       1
       3
       2
       1
       4
       1
       1
       0
       1
       1
       2
       1
       1
       3
       3
       1
       1
       0
       1
       2
       0
       2
       2
       1
       1
       1
       3
       1
       0
       2
       1
       3
       0
       5
       1
       2
       2
       3
       1
       0
       1
       2
       0
       2
       3
       0
       0
       1
       1
       1
       0
       1
       4
       3
       1
       2
       1
       1
       1
       3
       1
       0
       4
       2
       1
       0
       5
       1
       1
       2
       2
       3
       2
       2
       0
       2
       1
       2
       1
       3
       1
       1
       2
       2
       1
       0
       2
       1
       1
       1
       2
       2
       1
       3
       0
       3
       2
       2
       2
       2
       0
       1
       0
       1
       3
       1
       1
       1
       1
       3
       1
       3
       2
       1
       2
       2
       3
       2
       0
       3
       2
       0
       2
       2
       0
       0
       4
       0
       0
       0
       1
       0
       0
       4
       1
       1
       2
       2
       3
       1
       0
       4
       3
       0
       4
       3
       1
       0
       2
       0
       2
       1
       3
       2
       3
       0
       0
       1
       1
       2
       1
       0
       1
       4
       3
       2
       1
       2
       3
       1
       1
       1
       1
       1
       0
       2
       1
       1
       2
       1
       0
       2
       2
       1
       4
       0
       3
       0
       1
       1
       3
       1
       4
       0
       2
       2
       1
       3
       3
       1
       3
       1
       1
       2
       1
       2
       3
       0
       2
       1
       0
       1
       1
       1
       0
       0
       1
       2
       0
       1
       2
       2
       1
       1
       4
       1
       0
       0
       3
       0
       2
       2
       0
       0
       1
       0
       1
       4
       4
       0
       0
       0
       2
       1
       2
       1
       3
       3
       0
       1
       1
       2
       2
       0
       1
       1
       2
       4
       0
       0
       2
       2
       1
       2
       0
       2
       2
       3
       3
       1
       2
       3
       2
       0
       0
       2
       2
       1
       1
       2
       1
       6
       3
       1
       1
       1
       2
       1
       2
       3
       1
       1
       2
       1
       2
       2
       5
       0
       1
       3
       1
       2
       2
       0
       0
       0
       3
       2
       1
       0
       0
       3
       1
       3
       2
       2
       1
       0
       2
       1
       0
       1
       1
       3
       1
       0
       1
       4
       1
       5
       1
       1
       1
       1
       2
       0
       0
       3
       0
       1
       0
       4
       3
       2
       1
       0
       2
       1
       1
       1
       2
       0
       3
       2
       2
       1
       1
       2
       1
       4
       2
       2
       1
       2
       5
       1
       2
       1
       1
       3
       3
       2
       5
       2
       2
       0
       2
       2
       0
       3
       2
       2
       1
       1
       3
       1
       1
       2
       5
       2
       2
       1
       1
       2
       3
       2
       1
       2
       3
       5
       0
       0
       1
       2
       0
       2
       0
       1
       1
       2
       0
       1
       1
       3
       1
       4
       2
       0
       1
       3
       1
       1
       1
       3
       1
       1
       1
       2
       2
       0
       1
       5
       2
       0
       2
       2
       2
       0
       4
       2
       0
       2
       1
       0
       1
       3
       1
       1
       2
       3
       1
       5
       1
       0
       1
       4
       2
       0
       3
       0
       0
       5
       0
       1
       2
       2
       5
       1
       1
       2
       4
       3
       1
       1
       0
       3
       1
       2
       1
       1
       0
       3
       1
       0
       1
       1
       3
       2
       2
       1
       0
       0
       4
       0
       0
       0
       1
       1
       1
       0
       0
       1
       2
       2
       3
       3
       1
       1
       0
       0
       1
       1
       2
       1
       2
       3
       2
       2
       0
       2
       4
       2
       0
       1
       1
       2
       0
       1
       1
       1
       1
       4
       3
       3
       2
       3
       2
       1
       1
       3
       3
       1
       1
       0
       0
       1
       1
       2
       3
       2
       0
       3
       0
       1
       0
       0
       4
       3
       0
       1
       2
       1
       1
       0
       3
       1
       3
       3
       2
       3
       2
       1
       1
       2
       2
       4
       1
       1
       4
       1
       0
       1
       0
       3
       0
       1
       2
       1
       0
       0
       2
       2
       1
       2
       1
       3
       0
       1
       2
       0
       2
       3
       2
       1
       1
       1
       1
       1
       2
       2
       1
       2
       2
       0
       0
       0
       2
       0
       1
       1
       4
       2
       1
       5
       2
       0
       2
       2
       1
       0
       1
       3
       2
       1
       0
       0
       0
       0
       3
       1
       3
       2
       1
       1
       1
       1
       1
       2
       0
       1
       1
       2
       2
       2
       0
       1
       3
       2
       4
       2
       0
       1
       1
       1
       2
       3
       2
       0
       0
       1
       0
       2
       0
       1
       3
       1
       5
       1
       1
       1
       2
       2
       1
       1
       2
       1
       3
       1
       0
       2
       1
       1
       0
       1
       2
       2
       0
       2
       0
       0
       0
       2
       0
       1
       1
       1
       2
       0
       2
       5
       1
       0
       0
       1
       1
       1
       0
       1
       0
       0
       1
       1
       3
       3
       2
       2
       1
       1
       3
       1
       0
       2
       0
       2
       1
       0
       0
       4
       0
       1
       3
       2
       2
       0
       1
       2
       2
       1
       1
       0
       3
       1
       1
       1
       2
       4
       1
       1
       0
       0
       1
       0
       0
       3
       3
       1
       1
       3
       2
       2
       0
       0
       0
       1
       4
       0
       1
       1
       3
       1
       2
       2
       1
       5
       3
       2
       3
       1
       2
       1
       2
       1
       0
       1
       2
       2
       1
       1
       3
       0
       0
       0
       1
       2
       1
       0
       2
       1
       1
       3
       0
       0
       3
       3
       0
       1
       3
       1
       0
       2
       1
       2
       1
       1
       1
       3
       3
       1
       0
       2
       0
       3
       2
       0
       0
       3
       1
       1
       1
       1
       3
       3
       2
       1
       1
       2
       2
       0
       2
       1
       2
       1
       3
       2
       0
       0
       1
       1
       0
       0
       2
       1
       4
       4
       2
       2
       0
       1
       2
       0
       1
       1
       3
       2
       5
       0
       1
       1
       2
       3
       0
       1
       1
       4
       0
       0
       1
       2
       1
       1
       3
       0
       2
       2
       0
       1
       5
       0
       2
       2
       1
       1
       0
       0
       1
       1
       4
       3
       3
       2
       2
       0
       1
       2
       0
       2
       2
       1
       2
       1
       0
       3
       0
       0
       1
       3
       3
       3
       4
       2
       1
       1
       1
       0
       0
       2
       3
       6
       0
       1
       1
       3
       2
       0
       2
       1
       1
       0
       2
       0
       3
       2
       3
       1
       0
       0
       1
       0
       4
       2
       4
       3
       1
       1
       0
       0
       3
       1
       0
       4
       0
       0
       0
       0
       0
       0
       0
       0
       0
       0
       0
       0
       0
       0
       0
       0
       0
       0
       0
       0
       0
       0
       0
       0
       0
       0
       0
       0
       0
       0
       0
       0
       0
       0
       0
       0
       0
       0
       0
       0
       0
       0
       0
       0
       0
       0
       0
       0
       0
       0
       0
       0
       0
       0
       0
       0
       0
       0
       0
       0
       0
       0
       0
       0
       0
       0
       0
       0
       0
       0
       0
       0
       0
       0
       0
       0
       0
       0
       0
       0
       0
       0
       0
       0
       0
       0
       0
       0
       0
       0
       0
       0
       0
       0
       0
       0
       0
       0
       0
       0
       0
       0
       0
       0
       0
       0
       0
       0
       0
       0
       0
       0
       0
       0
       0
       0
       0
       0
       0
       0
       0
       0
       0
       0
       0
       0
       0
       0
$ROI:
0
$PRESETS:
None
0
0
$ENER_FIT:
0.000000 0.000000
$MCA_CAL:
3
0.000000E+000 0.000000E+000 0.000000E+000 
$SHAPE_CAL:
3
0.000000E+000 0.000000E+000 0.000000E+000
