$SPEC_ID:
No sample description was entered.
$SPEC_REM:
DET# 1
DETDESC# NOISEPC Easy-MCA-8k SN 12310217
AP# Maestro Version 7.01
$DATE_MEA:
06/15/2022 15:06:10
$MEAS_TIM:
6425 6429
$DATA:
0 8191
       0
       0
       0
       0
       0
       0
       0
       0
       0
       0
       0
       0
       0
       0
       1
       0
       1
       0
       1
       2
       0
       1
       2
       2
       0
       0
       1
       0
       0
       0
       0
       3
       0
       0
       1
       4
       3
       1
       1
       2
       1
       0
       2
       1
       3
       1
       1
       0
       2
       0
       0
       3
       1
       2
       2
       1
       2
       1
       0
       1
       2
       6
      36
      97
     230
     500
     943
    1269
    1396
    1363
    1226
    1213
    1157
    1119
     996
     980
     891
     872
     824
     786
     746
     693
     710
     643
     626
     574
     593
     506
     487
     512
     462
     441
     444
     393
     407
     371
     379
     369
     367
     339
     350
     311
     315
     327
     323
     302
     281
     270
     286
     268
     268
     275
     285
     245
     249
     260
     270
     254
     230
     258
     233
     246
     241
     230
     238
     204
     197
     196
     239
     217
     211
     189
     211
     214
     196
     192
     217
     187
     183
     188
     185
     195
     177
     177
     195
     178
     203
     191
     179
     196
     206
     179
     182
     150
     164
     203
     166
     185
     167
     169
     182
     160
     164
     160
     155
     168
     179
     188
     185
     193
     161
     140
     162
     163
     179
     152
     154
     152
     192
     159
     187
     162
     153
     202
     147
     161
     129
     133
     151
     163
     162
     154
     128
     173
     146
     168
     147
     121
     169
     175
     173
     171
     165
     135
     148
     132
     142
     136
     146
     158
     153
     145
     156
     142
     168
     149
     151
     136
     146
     187
     128
     143
     146
     138
     156
     139
     138
     141
     150
     135
     155
     148
     135
     150
     168
     147
     151
     126
     150
     119
     131
     143
     126
     147
     146
     150
     137
     137
     140
     126
     140
     113
     137
     124
     130
     143
     126
     132
     137
     143
     114
     132
     142
     133
     141
     123
     151
     134
     108
     141
     123
     133
     135
     149
     136
     133
     127
     157
     128
     122
     126
     132
     120
     136
     135
     118
     124
     137
     129
     137
     150
     129
     138
     141
     119
     146
     122
     119
     133
     124
     133
     134
     130
     127
     133
     119
     124
     115
     141
     141
     132
     134
     132
     132
     138
     135
     148
     122
     137
     142
     122
     128
     148
     116
     129
     131
     159
     136
     127
     137
     120
     119
     122
     127
     110
     110
     131
     155
     123
     107
     118
     120
     134
     103
     123
     137
     114
     162
     123
     111
     115
     100
     143
     118
     134
     138
     123
     123
     133
     118
     113
     139
     130
     128
     133
     118
     135
     132
     134
     139
     121
     136
     131
     106
     135
     126
     132
     128
     128
     145
     121
     108
     123
     115
     126
     131
     113
     113
     122
     128
     151
     119
     145
     119
     122
     120
     117
     131
     118
     113
     119
     120
     139
     138
     126
     124
     111
      93
     126
     105
     136
     106
     133
     113
     125
     130
     110
     129
     129
     127
     135
     123
     131
     125
     124
     122
     120
     132
     142
     109
     121
     116
     121
     112
     138
     147
     112
     131
     131
     120
     102
     135
     127
     134
     136
     103
     111
     130
     108
     131
     135
     108
     123
     122
     150
     138
     128
     117
     133
     133
     134
     132
     140
     127
     137
     130
     126
     141
     145
     116
     112
     133
     121
     126
     119
     113
     124
     134
     137
     148
     139
     111
     117
     111
     130
     114
     116
     135
     144
     115
     118
     123
     142
     113
     112
     124
     143
     126
     135
     126
     141
     138
     130
     139
     143
     127
     143
     123
     137
     140
     138
     122
     104
     125
     132
     112
     164
     133
     116
     142
     148
     138
     123
     126
     131
     131
     130
     148
     141
     141
     140
     143
     140
     140
     140
     151
     157
     128
     161
     140
     132
     138
     150
     142
     127
     154
     143
     136
     136
     126
     131
     164
     161
     144
     134
     116
     169
     137
     144
     134
     158
     144
     142
     149
     127
     150
     142
     156
     161
     135
     147
     152
     149
     170
     160
     162
     124
     143
     163
     138
     139
     150
     148
     138
     152
     141
     150
     156
     148
     164
     167
     178
     157
     167
     179
     158
     146
     164
     162
     153
     161
     157
     169
     150
     176
     170
     155
     169
     162
     174
     136
     181
     173
     169
     171
     170
     163
     177
     174
     165
     149
     193
     161
     173
     163
     151
     161
     198
     159
     187
     175
     180
     182
     164
     178
     208
     199
     172
     169
     216
     186
     189
     179
     211
     200
     193
     180
     183
     196
     187
     179
     203
     202
     205
     210
     193
     196
     205
     178
     188
     164
     190
     176
     229
     198
     209
     191
     181
     191
     199
     215
     196
     194
     219
     189
     196
     213
     214
     174
     177
     190
     219
     188
     202
     205
     192
     205
     187
     188
     199
     198
     210
     207
     191
     215
     209
     201
     189
     213
     206
     213
     230
     207
     201
     207
     189
     208
     196
     222
     190
     227
     192
     229
     224
     195
     225
     195
     193
     203
     230
     219
     233
     224
     196
     219
     227
     208
     238
     251
     205
     224
     214
     232
     211
     239
     238
     233
     185
     223
     229
     230
     231
     197
     221
     255
     243
     212
     241
     211
     205
     231
     218
     241
     235
     244
     215
     233
     247
     227
     245
     246
     263
     229
     199
     212
     264
     266
     212
     218
     249
     227
     240
     223
     242
     208
     279
     212
     249
     295
     240
     206
     217
     255
     242
     247
     268
     225
     277
     227
     213
     244
     230
     256
     263
     240
     232
     264
     284
     261
     256
     241
     312
     268
     261
     296
     275
     281
     263
     233
     259
     224
     240
     232
     240
     258
     226
     235
     259
     239
     265
     260
     241
     272
     245
     265
     239
     244
     245
     225
     258
     272
     234
     301
     254
     254
     269
     277
     283
     232
     217
     304
     287
     263
     261
     267
     248
     287
     263
     247
     239
     253
     251
     258
     269
     254
     260
     276
     276
     260
     271
     265
     239
     241
     280
     249
     272
     249
     300
     276
     254
     296
     255
     260
     245
     279
     270
     252
     274
     269
     254
     247
     248
     250
     234
     263
     286
     259
     283
     262
     288
     274
     243
     289
     258
     279
     252
     257
     276
     270
     277
     266
     279
     284
     242
     294
     271
     246
     262
     257
     273
     289
     283
     276
     275
     266
     313
     282
     289
     257
     276
     280
     281
     266
     276
     294
     290
     252
     279
     282
     297
     271
     282
     287
     285
     259
     267
     309
     252
     286
     265
     259
     280
     289
     271
     276
     280
     266
     294
     321
     294
     278
     270
     277
     284
     313
     289
     265
     272
     269
     295
     281
     290
     302
     277
     281
     291
     271
     298
     275
     290
     305
     312
     291
     269
     321
     309
     291
     294
     273
     261
     297
     261
     274
     300
     286
     247
     268
     263
     301
     298
     270
     300
     276
     284
     276
     294
     279
     291
     285
     294
     299
     269
     285
     290
     271
     274
     297
     258
     262
     267
     312
     274
     303
     283
     273
     261
     258
     284
     269
     279
     298
     264
     283
     290
     294
     304
     298
     273
     254
     296
     269
     299
     276
     297
     285
     314
     291
     294
     312
     286
     269
     275
     319
     292
     287
     309
     289
     302
     268
     302
     306
     306
     279
     289
     306
     308
     314
     274
     280
     288
     277
     286
     299
     285
     295
     261
     341
     297
     250
     300
     278
     313
     293
     298
     254
     276
     265
     264
     312
     287
     303
     300
     288
     290
     270
     278
     273
     320
     266
     267
     262
     275
     279
     276
     274
     275
     317
     282
     279
     287
     271
     289
     273
     287
     294
     293
     298
     267
     283
     258
     324
     254
     286
     289
     267
     275
     247
     299
     282
     266
     273
     300
     272
     297
     275
     283
     274
     308
     265
     296
     260
     270
     283
     278
     231
     277
     278
     279
     274
     286
     301
     302
     300
     276
     284
     272
     272
     286
     275
     284
     293
     286
     241
     279
     247
     272
     276
     294
     281
     259
     274
     295
     303
     280
     283
     276
     262
     270
     278
     249
     276
     273
     270
     245
     273
     254
     243
     232
     238
     274
     259
     286
     282
     313
     287
     282
     275
     297
     275
     267
     334
     264
     281
     251
     268
     293
     247
     280
     282
     279
     271
     250
     279
     294
     255
     268
     277
     259
     257
     293
     267
     262
     272
     273
     271
     291
     249
     275
     277
     255
     237
     230
     266
     275
     248
     262
     247
     289
     275
     274
     273
     263
     267
     260
     273
     259
     260
     261
     238
     266
     270
     275
     266
     260
     282
     262
     251
     284
     271
     305
     261
     232
     266
     281
     253
     259
     268
     278
     262
     241
     242
     266
     264
     257
     284
     254
     246
     257
     239
     286
     280
     251
     264
     271
     259
     259
     265
     252
     264
     264
     259
     237
     274
     265
     258
     218
     245
     241
     229
     242
     248
     253
     241
     256
     258
     266
     225
     253
     269
     280
     221
     259
     260
     247
     270
     245
     238
     281
     254
     253
     259
     256
     261
     248
     253
     282
     273
     261
     230
     227
     225
     256
     233
     253
     242
     243
     252
     237
     263
     247
     254
     241
     252
     214
     248
     245
     209
     272
     259
     238
     254
     241
     254
     264
     235
     256
     243
     237
     239
     243
     237
     231
     225
     253
     207
     245
     224
     283
     257
     240
     234
     234
     267
     237
     244
     213
     241
     230
     215
     215
     250
     226
     238
     242
     215
     249
     206
     221
     253
     249
     223
     264
     231
     239
     234
     255
     236
     244
     253
     261
     229
     217
     248
     255
     236
     249
     254
     236
     236
     250
     244
     248
     211
     244
     201
     235
     231
     240
     224
     221
     232
     247
     210
     213
     255
     220
     269
     219
     241
     237
     247
     240
     240
     237
     224
     240
     208
     224
     262
     231
     233
     212
     217
     228
     217
     230
     219
     256
     216
     231
     216
     209
     230
     212
     217
     228
     234
     212
     220
     216
     216
     232
     235
     188
     222
     209
     202
     233
     235
     242
     196
     239
     213
     220
     225
     263
     206
     232
     225
     240
     228
     215
     235
     214
     229
     223
     216
     222
     232
     234
     207
     214
     222
     198
     208
     215
     222
     216
     236
     212
     216
     210
     217
     219
     241
     198
     237
     223
     200
     229
     217
     216
     202
     209
     211
     208
     232
     219
     217
     207
     227
     228
     202
     200
     218
     205
     202
     209
     227
     222
     193
     193
     218
     214
     228
     194
     230
     211
     222
     208
     175
     193
     220
     226
     237
     216
     236
     225
     180
     200
     209
     218
     207
     226
     203
     192
     228
     218
     216
     230
     213
     216
     177
     246
     187
     171
     198
     202
     203
     212
     207
     202
     203
     200
     231
     213
     203
     206
     188
     217
     218
     217
     226
     208
     202
     198
     181
     195
     195
     209
     199
     215
     197
     205
     225
     228
     202
     241
     201
     227
     219
     193
     187
     211
     207
     225
     206
     181
     196
     210
     196
     209
     233
     199
     205
     205
     225
     206
     202
     217
     207
     196
     189
     191
     193
     193
     191
     196
     165
     197
     202
     183
     233
     206
     199
     196
     200
     190
     215
     196
     185
     187
     207
     195
     198
     197
     183
     176
     191
     219
     195
     195
     222
     201
     173
     186
     227
     196
     194
     201
     186
     229
     195
     182
     182
     221
     196
     182
     168
     189
     173
     194
     178
     180
     195
     182
     164
     183
     201
     209
     189
     199
     196
     176
     186
     183
     184
     204
     174
     181
     186
     181
     189
     212
     191
     178
     192
     207
     196
     203
     163
     169
     178
     191
     162
     195
     187
     185
     175
     202
     192
     180
     181
     186
     185
     167
     173
     199
     188
     179
     184
     156
     200
     195
     167
     196
     172
     182
     188
     179
     184
     174
     174
     158
     181
     195
     199
     155
     174
     183
     193
     195
     181
     172
     175
     167
     150
     193
     183
     175
     177
     159
     163
     169
     147
     163
     187
     163
     184
     191
     184
     192
     168
     157
     162
     170
     186
     165
     163
     166
     185
     155
     167
     167
     189
     161
     185
     180
     162
     176
     190
     207
     190
     175
     176
     186
     148
     182
     166
     160
     183
     135
     181
     168
     166
     184
     174
     176
     160
     138
     186
     166
     177
     164
     161
     157
     176
     183
     174
     166
     182
     161
     183
     175
     166
     171
     176
     132
     161
     176
     160
     184
     152
     174
     168
     152
     171
     158
     151
     163
     137
     162
     175
     176
     152
     172
     159
     180
     165
     179
     178
     146
     157
     165
     141
     171
     137
     159
     147
     170
     159
     173
     176
     171
     162
     169
     131
     165
     147
     185
     153
     169
     153
     160
     163
     153
     159
     158
     147
     141
     148
     148
     159
     158
     151
     164
     163
     163
     161
     167
     163
     150
     169
     161
     163
     170
     189
     136
     166
     165
     151
     163
     145
     164
     155
     143
     136
     176
     140
     143
     131
     145
     164
     153
     160
     158
     170
     139
     138
     155
     162
     167
     158
     173
     165
     154
     165
     153
     142
     160
     164
     174
     152
     174
     152
     135
     136
     151
     161
     168
     146
     187
     155
     136
     163
     144
     142
     150
     145
     152
     152
     136
     142
     140
     158
     140
     163
     157
     162
     154
     134
     158
     125
     140
     156
     152
     140
     147
     155
     163
     134
     159
     148
     168
     118
     158
     147
     144
     141
     153
     157
     155
     153
     141
     135
     146
     160
     132
     149
     140
     158
     147
     151
     159
     140
     153
     150
     152
     144
     154
     146
     133
     152
     148
     147
     140
     140
     137
     129
     149
     134
     141
     158
     145
     126
     121
     132
     134
     129
     129
     146
     145
     147
     141
     155
     145
     127
     141
     142
     147
     145
     136
     127
     135
     138
     139
     141
     157
     155
     139
     135
     146
     145
     123
     123
     152
     124
     141
     137
     148
     140
     148
     147
     173
     150
     143
     153
     172
     172
     162
     153
     178
     159
     168
     178
     157
     186
     163
     164
     163
     157
     169
     165
     148
     168
     151
     166
     163
     181
     172
     148
     163
     157
     183
     150
     174
     159
     165
     132
     144
     150
     168
     176
     140
     145
     151
     140
     147
     151
     135
     144
     160
     153
     150
     148
     148
     141
     141
     158
     167
     118
     173
     136
     141
     151
     151
     146
     153
     135
     166
     149
     142
     153
     153
     160
     113
     128
     142
     125
     145
     153
     148
     122
     139
     122
     127
     128
     109
     134
     138
     137
     130
     137
     113
     120
     104
     129
     122
     118
     129
     122
     109
     129
     124
     144
     131
     134
     121
     127
     121
     111
     124
     134
     119
     125
     101
     117
     127
     117
     115
     127
     126
     110
     139
     133
     108
     123
      91
     117
     113
     115
     121
     123
     114
     128
     123
     131
     123
     111
     117
     105
     111
     107
     130
     116
     105
      96
      93
     121
     149
     116
     119
     120
     117
     117
      99
     118
     123
     114
     110
     109
     122
     100
     134
      97
     143
     133
     108
     123
     126
     125
     101
     121
     102
     110
     112
     117
     118
     115
     122
     129
     111
     114
     119
     132
     121
     107
     111
     100
     111
      92
     106
     119
     110
     120
     115
     106
     107
     114
     105
     122
     126
     112
     118
     115
     129
     102
     107
     107
     107
      92
     114
     120
     105
     116
     105
     118
      97
     109
      92
     119
     127
     110
     108
     104
     110
     111
     104
      89
      96
      93
      92
     114
     112
      88
     113
      91
     108
     105
     100
     103
      93
     116
     116
     111
     118
     111
      94
     108
     108
      94
      99
     104
     105
      99
     103
      87
     101
      84
      91
      95
      95
     102
     122
      99
      95
     119
     118
     108
      80
     109
      87
     118
     110
     110
      99
     109
      94
      98
     116
     116
      92
     125
     108
      96
     106
     110
     119
     113
      96
     110
     107
      98
     102
      96
     101
      80
     111
     112
      97
      96
      98
     116
     115
      97
      86
     101
     106
     115
      98
      96
      84
     107
     105
      96
      90
      99
      92
     108
     109
     103
      94
     105
     106
     105
      85
     105
      96
      98
     110
     116
     119
      92
     117
     109
     102
     108
     108
     101
      92
     109
      96
     109
     107
     109
     100
      90
     110
     101
     110
      95
     104
      97
      93
     120
      91
     110
     109
     115
     112
     115
      87
      98
     103
     108
      84
      85
      92
     107
     102
     101
      93
      99
      90
     102
      91
     102
      85
      92
     115
     109
      90
      91
     102
      94
      93
     103
     104
     103
      80
      95
      84
     102
     106
     106
      83
     101
      94
      97
     103
     121
      94
      81
     102
      91
      87
     106
     113
      82
      94
     108
     109
      94
     113
     103
      84
      94
      97
      84
     102
      90
      84
      97
      74
      91
     102
     105
      79
      93
      89
      97
      86
      90
      89
      90
     101
      98
      84
     106
      86
      86
      81
      92
      78
      96
      91
      93
      98
      96
      84
      94
      86
     116
      91
      87
      91
      96
      98
      88
      92
     100
     104
      94
      88
      91
      93
      88
      91
      79
      78
      84
      82
      95
      87
      85
      90
      90
     102
      90
     103
      79
      79
      87
      80
      95
      85
      77
      79
      91
      86
      95
      88
     101
     109
      94
     106
      98
     107
      89
     100
     103
     107
     113
     118
      89
     100
     117
      94
      97
     119
     103
     103
      99
      94
     102
      87
     108
      93
      78
     110
      87
      99
     105
      94
     108
     101
      95
     106
     103
      97
      94
      99
      98
      98
     107
      86
      84
      95
      95
      79
      79
      91
      84
      90
      95
     105
      92
      86
     101
      71
      92
      98
      86
     100
     110
      88
      92
      97
     110
     101
     105
      87
     107
      83
      84
      80
      85
      90
      91
     100
     100
      77
      80
      84
      92
      62
      82
      71
      79
      75
      91
      71
      96
      75
      84
      73
      77
      64
      81
      68
      92
      77
      83
      73
      73
      83
      89
      86
      67
      80
      78
      67
      69
      87
      90
      86
      77
      70
      88
      71
      87
      76
      69
      83
      80
      93
      88
      86
      81
      85
      82
      90
      85
      68
      70
      62
      68
      84
      83
      75
      78
      88
      72
      88
      73
      81
      68
      74
      72
      86
      92
      75
      68
      74
      75
      77
      82
      83
      86
      72
      79
      86
      80
      73
      95
      77
      82
      83
      83
      77
      80
      79
      60
      88
      73
      80
      68
      70
      58
      73
      67
      64
      77
      62
      79
      70
      91
      75
      64
      71
      71
      75
      71
      72
      61
      87
      66
      82
      75
      71
      66
     104
      79
      87
      68
      83
      60
      74
      68
      76
      89
      85
      61
      76
      69
      86
      67
      71
      69
      95
      73
      70
      76
      82
      78
      73
      66
      67
      90
      84
      69
      72
      80
      68
      64
      66
      87
      80
      93
      68
      78
      63
      59
      77
      83
      76
      86
      70
      71
      64
      72
      68
      75
      80
      83
      80
      66
      65
      79
      80
      71
      83
      82
      72
      71
      65
      75
      59
      73
      76
      69
      67
      86
      68
      72
      75
      71
      76
      63
      72
      79
      71
      67
      76
      70
      83
      81
      90
      75
      82
      69
      74
      54
      84
      77
      87
      72
      78
      61
      62
      84
      61
      74
      72
      89
      71
      60
      58
      60
      88
      69
      66
      68
      72
      77
      74
      63
      71
      67
      69
      65
      88
      63
      79
      59
      71
     100
      68
      62
      74
      79
      77
      66
      94
      63
      72
      75
      67
      74
      87
      66
      88
      66
      69
      63
      71
      63
      68
      63
      74
      83
      62
      91
      65
      64
      72
      86
      72
      62
      73
      70
      72
      75
      51
      82
      58
      77
      79
      57
      65
      78
      55
      71
      89
      91
      67
      65
      69
      84
      85
      98
      75
      93
      75
      91
      51
      84
      77
      80
      61
      62
      88
      69
      79
      71
      74
      74
      75
      53
      58
      70
      71
      79
      76
      65
      67
      70
      66
      58
      74
      68
      55
      64
      74
      61
      54
      59
      64
      73
      61
      62
      71
      78
      74
      62
      69
      57
      65
      58
      84
      72
      73
      82
      67
      69
      80
      70
      52
      58
      72
      57
      68
      62
      57
      59
      70
      68
      60
      70
      55
      76
      65
      57
      62
      75
      79
      65
      90
      79
      69
      78
      71
      74
      68
      61
      73
      67
      65
      61
      62
      64
      69
      57
      58
      67
      75
      79
      72
      66
      56
      62
      50
      62
      68
      78
      74
      72
      78
      82
      83
      81
      95
      61
      70
      72
      94
      91
      89
      75
      89
      82
      68
      69
      79
      83
      66
     106
      70
      63
      79
      93
      91
      83
      78
      88
      79
      74
      67
      84
      94
      69
      63
      74
      79
      69
      85
      71
      96
      73
      81
      53
      77
      79
      78
      71
      55
      74
      78
      73
      70
      65
      79
      71
      71
      69
      69
      61
      71
      73
      87
      45
      71
      65
      70
      74
      76
      72
      66
      63
      79
      84
      74
      78
      69
      76
      69
      77
      64
      62
      74
      64
      70
      63
      74
      73
      73
      68
      81
      56
      58
      55
      55
      46
      48
      72
      54
      48
      59
      61
      52
      48
      53
      45
      61
      53
      60
      60
      56
      60
      55
      64
      68
      51
      51
      48
      55
      52
      67
      46
      51
      42
      44
      63
      47
      67
      52
      49
      59
      67
      52
      54
      51
      41
      50
      52
      46
      53
      50
      51
      54
      58
      65
      39
      62
      47
      71
      50
      65
      54
      52
      59
      55
      46
      41
      58
      51
      68
      58
      52
      64
      41
      41
      61
      67
      53
      56
      44
      46
      59
      56
      55
      53
      50
      50
      41
      53
      52
      53
      46
      54
      49
      54
      45
      53
      61
      53
      43
      53
      54
      49
      54
      63
      53
      46
      50
      54
      50
      52
      48
      58
      58
      59
      47
      49
      45
      47
      48
      44
      50
      41
      58
      52
      56
      68
      57
      41
      51
      46
      48
      50
      42
      52
      66
      48
      54
      59
      46
      46
      65
      45
      48
      53
      44
      50
      46
      56
      50
      56
      46
      49
      48
      47
      54
      53
      51
      59
      56
      46
      69
      37
      59
      63
      41
      52
      47
      53
      53
      52
      58
      59
      49
      44
      53
      49
      60
      46
      51
      58
      54
      48
      50
      39
      52
      68
      56
      52
      47
      49
      45
      49
      59
      53
      59
      58
      43
      44
      58
      55
      45
      48
      48
      43
      61
      53
      36
      48
      51
      56
      47
      47
      58
      58
      41
      50
      39
      65
      47
      47
      57
      33
      60
      36
      52
      55
      43
      52
      48
      48
      47
      38
      50
      57
      50
      54
      56
      45
      43
      57
      52
      51
      62
      61
      47
      46
      49
      65
      45
      49
      35
      58
      47
      63
      42
      50
      56
      61
      43
      56
      39
      47
      57
      49
      52
      43
      54
      46
      51
      50
      59
      42
      53
      49
      43
      45
      44
      40
      47
      39
      38
      53
      48
      54
      53
      49
      40
      47
      56
      44
      47
      56
      54
      48
      47
      51
      46
      46
      56
      44
      40
      49
      47
      48
      47
      39
      37
      61
      41
      45
      58
      48
      44
      42
      48
      51
      54
      48
      59
      38
      42
      51
      50
      45
      39
      49
      50
      53
      36
      43
      53
      46
      48
      42
      47
      54
      55
      51
      47
      55
      41
      54
      56
      48
      54
      50
      38
      44
      43
      48
      42
      60
      43
      51
      54
      53
      54
      42
      49
      40
      46
      48
      41
      38
      40
      53
      34
      49
      42
      46
      52
      59
      43
      43
      50
      41
      49
      43
      53
      40
      42
      37
      46
      37
      45
      44
      50
      33
      43
      57
      42
      42
      49
      41
      38
      46
      49
      48
      49
      43
      50
      40
      39
      49
      45
      33
      49
      36
      46
      48
      65
      55
      39
      34
      39
      43
      43
      41
      50
      60
      45
      38
      48
      50
      39
      54
      46
      43
      49
      44
      45
      54
      34
      46
      53
      55
      47
      50
      33
      33
      40
      48
      40
      52
      56
      47
      57
      54
      44
      62
      44
      45
      37
      56
      41
      44
      35
      43
      48
      48
      36
      39
      39
      36
      40
      39
      34
      54
      57
      48
      42
      49
      45
      54
      52
      58
      45
      62
      40
      57
      43
      37
      43
      38
      41
      53
      45
      43
      55
      44
      39
      35
      41
      45
      52
      36
      38
      51
      45
      36
      38
      38
      43
      59
      40
      47
      48
      42
      41
      45
      42
      41
      43
      44
      35
      49
      46
      43
      39
      41
      46
      27
      51
      39
      46
      41
      46
      47
      38
      48
      40
      43
      51
      41
      37
      51
      29
      45
      43
      55
      38
      48
      35
      32
      40
      43
      47
      40
      53
      36
      43
      44
      27
      44
      43
      40
      45
      42
      33
      33
      48
      52
      46
      39
      43
      45
      45
      53
      47
      38
      46
      41
      39
      31
      40
      46
      33
      35
      41
      49
      38
      35
      35
      43
      30
      41
      42
      47
      38
      47
      49
      30
      46
      50
      37
      42
      34
      45
      54
      35
      37
      37
      58
      40
      35
      52
      40
      41
      44
      43
      33
      46
      43
      43
      46
      58
      32
      36
      44
      40
      40
      38
      43
      40
      46
      45
      39
      33
      37
      33
      50
      34
      39
      52
      41
      41
      38
      33
      42
      55
      30
      47
      47
      38
      46
      39
      44
      38
      40
      36
      35
      35
      39
      46
      33
      39
      40
      58
      49
      43
      37
      50
      38
      39
      49
      40
      43
      34
      50
      40
      49
      33
      39
      42
      43
      39
      40
      37
      41
      52
      34
      41
      41
      33
      37
      38
      30
      33
      42
      44
      47
      54
      35
      25
      42
      47
      40
      43
      37
      24
      35
      44
      45
      45
      43
      30
      39
      38
      36
      42
      27
      30
      39
      44
      41
      35
      42
      32
      45
      42
      30
      35
      42
      41
      34
      36
      49
      37
      37
      34
      48
      26
      42
      33
      34
      34
      39
      39
      35
      34
      41
      34
      38
      33
      39
      46
      28
      45
      35
      35
      35
      32
      38
      40
      36
      33
      37
      44
      43
      36
      47
      32
      45
      37
      36
      40
      37
      39
      46
      36
      37
      37
      40
      43
      43
      36
      43
      29
      37
      41
      39
      36
      28
      27
      37
      28
      29
      32
      33
      22
      38
      38
      31
      29
      40
      45
      40
      33
      49
      35
      43
      47
      30
      33
      37
      35
      41
      49
      42
      29
      43
      41
      48
      36
      29
      39
      37
      32
      33
      31
      33
      40
      44
      35
      38
      44
      42
      34
      36
      37
      40
      42
      34
      37
      43
      39
      50
      40
      37
      34
      43
      39
      44
      42
      36
      34
      34
      37
      34
      38
      33
      42
      55
      36
      39
      43
      45
      39
      32
      31
      49
      38
      41
      46
      38
      29
      34
      46
      37
      40
      45
      43
      34
      35
      33
      27
      29
      37
      45
      41
      39
      37
      43
      38
      38
      56
      29
      46
      37
      41
      41
      37
      29
      35
      32
      32
      40
      28
      31
      41
      48
      41
      37
      42
      43
      43
      42
      40
      48
      36
      35
      38
      32
      34
      41
      42
      35
      43
      32
      24
      38
      36
      40
      45
      33
      37
      37
      41
      36
      27
      37
      31
      34
      35
      34
      41
      35
      46
      35
      49
      30
      37
      55
      36
      28
      35
      39
      30
      32
      23
      36
      44
      56
      45
      35
      26
      44
      39
      34
      23
      46
      38
      34
      27
      34
      46
      30
      37
      30
      32
      41
      37
      37
      48
      38
      40
      41
      45
      34
      32
      42
      34
      30
      47
      39
      33
      23
      45
      46
      36
      35
      46
      37
      35
      34
      39
      44
      34
      37
      46
      33
      44
      34
      30
      31
      30
      35
      30
      30
      32
      29
      40
      36
      35
      38
      34
      31
      34
      39
      20
      41
      36
      33
      32
      39
      40
      33
      33
      45
      48
      27
      32
      41
      33
      37
      26
      27
      36
      40
      45
      34
      41
      25
      23
      37
      46
      34
      26
      34
      33
      34
      40
      43
      32
      42
      35
      28
      27
      43
      45
      31
      43
      29
      34
      34
      27
      37
      36
      32
      36
      41
      35
      32
      34
      40
      28
      26
      43
      30
      31
      28
      33
      30
      29
      40
      42
      33
      39
      44
      40
      28
      32
      24
      30
      42
      37
      34
      33
      29
      40
      35
      42
      34
      38
      37
      27
      33
      35
      29
      36
      40
      33
      28
      38
      21
      23
      42
      29
      31
      27
      44
      32
      37
      29
      28
      34
      23
      29
      34
      35
      27
      32
      36
      33
      28
      39
      30
      37
      28
      33
      28
      38
      40
      35
      27
      28
      38
      37
      37
      31
      35
      26
      35
      29
      37
      37
      42
      26
      36
      27
      38
      30
      37
      34
      23
      38
      35
      30
      40
      40
      34
      34
      41
      40
      36
      36
      25
      35
      40
      28
      25
      28
      38
      32
      30
      31
      43
      38
      38
      34
      30
      33
      36
      36
      41
      38
      44
      31
      40
      37
      31
      36
      31
      32
      35
      41
      42
      33
      30
      32
      36
      31
      37
      50
      39
      34
      29
      28
      46
      36
      36
      38
      36
      41
      40
      40
      44
      33
      41
      41
      23
      45
      30
      36
      28
      32
      41
      37
      43
      51
      46
      45
      41
      37
      41
      42
      46
      35
      53
      36
      40
      47
      44
      50
      53
      59
      50
      63
      57
      68
      65
      48
      65
      68
      70
      63
      71
      64
      65
      70
      66
      64
      90
      68
      66
      85
      98
      83
      83
      92
      82
      92
      93
      90
     108
      96
      80
      94
      97
      86
     103
      84
      73
      90
      95
      98
      91
      81
      64
      82
      76
      99
      69
      74
      82
      72
      92
      57
      67
      77
      74
      84
      66
      72
      77
      72
      60
      74
      71
      63
      61
      66
      82
      49
      63
      74
      51
      76
      65
      67
      63
      71
      67
      79
      51
      69
      68
      55
      66
      61
      61
      66
      64
      54
      52
      52
      54
      64
      64
      59
      55
      53
      60
      56
      55
      56
      56
      53
      57
      60
      75
      49
      63
      61
      67
      58
      47
      49
      77
      56
      55
      60
      48
      56
      58
      53
      53
      68
      58
      52
      61
      50
      74
      66
      51
      55
      60
      59
      54
      51
      44
      55
      57
      44
      39
      58
      47
      59
      49
      48
      52
      44
      45
      53
      41
      46
      42
      41
      37
      34
      30
      36
      45
      48
      36
      38
      33
      35
      33
      29
      28
      27
      40
      29
      29
      36
      32
      29
      36
      24
      27
      20
      26
      25
      17
      30
      36
      27
      33
      27
      28
      24
      20
      22
      36
      26
      15
      30
      30
      23
      23
      18
      20
      25
      21
      22
      20
      28
      24
      28
      32
      21
      19
      22
      32
      28
      27
      22
      21
      34
      26
      33
      27
      26
      25
      21
      25
      22
      24
      26
      34
      32
      17
      35
      21
      30
      25
      22
      26
      30
      29
      24
      31
      18
      31
      25
      23
      37
      29
      24
      33
      27
      33
      26
      21
      20
      32
      17
      29
      23
      24
      23
      31
      26
      22
      28
      27
      21
      19
      23
      25
      29
      23
      15
      26
      24
      28
      16
      23
      22
      30
      29
      28
      26
      23
      25
      27
      27
      26
      30
      29
      13
      25
      24
      26
      31
      19
      22
      26
      26
      29
      20
      24
      27
      24
      17
      25
      26
      29
      31
      30
      30
      24
      25
      25
      19
      17
      21
      21
      31
      26
      27
      29
      22
      21
      30
      26
      21
      31
      34
      23
      22
      23
      27
      33
      16
      29
      16
      16
      23
      32
      25
      28
      24
      25
      29
      18
      27
      29
      28
      18
      23
      29
      27
      30
      18
      33
      23
      19
      20
      21
      21
      23
      29
      25
      26
      25
      26
      21
      19
      28
      28
      24
      29
      36
      26
      32
      26
      29
      16
      29
      33
      25
      26
      24
      14
      29
      26
      29
      24
      30
      22
      25
      22
      21
      23
      34
      21
      26
      27
      30
      29
      24
      30
      25
      23
      20
      22
      25
      33
      24
      16
      20
      31
      22
      35
      33
      29
      15
      29
      25
      37
      24
      31
      37
      25
      29
      29
      24
      20
      31
      23
      12
      26
      23
      27
      26
      28
      31
      27
      23
      30
      12
      22
      27
      28
      27
      24
      16
      32
      23
      26
      24
      24
      27
      22
      20
      24
      25
      28
      23
      22
      22
      23
      31
      29
      24
      19
      40
      26
      25
      30
      23
      28
      23
      24
      31
      20
      24
      21
      25
      17
      26
      25
      27
      21
      19
      27
      29
      22
      27
      30
      21
      25
      29
      22
      21
      29
      29
      23
      23
      16
      23
      32
      25
      27
      22
      30
      24
      23
      22
      24
      22
      17
      28
      26
      18
      23
      18
      23
      28
      23
      22
      19
      18
      28
      22
      27
      21
      32
      24
      30
      22
      27
      22
      17
      21
      19
      28
      30
      19
      30
      26
      28
      18
      22
      17
      21
      18
      30
      41
      22
      26
      23
      22
      21
      30
      21
      26
      18
      24
      21
      25
      27
      24
      17
      23
      20
      34
      25
      29
      19
      30
      31
      21
      21
      26
      19
      15
      34
      26
      22
      24
      32
      28
      24
      16
      28
      14
      31
      31
      23
      25
      23
      27
      32
      23
      22
      26
      24
      25
      24
      24
      22
      12
      30
      24
      24
      26
      24
      32
      22
      28
      24
      25
      25
      28
      24
      25
      20
      18
      28
      20
      26
      26
      25
      33
      28
      30
      30
      22
      23
      24
      32
      32
      31
      27
      28
      34
      24
      32
      38
      35
      38
      26
      26
      26
      22
      33
      37
      36
      32
      34
      27
      29
      37
      31
      25
      38
      27
      33
      36
      31
      25
      36
      38
      32
      25
      29
      36
      33
      35
      22
      25
      24
      29
      29
      35
      34
      27
      26
      25
      18
      18
      25
      26
      35
      35
      34
      27
      30
      28
      24
      32
      23
      23
      22
      20
      12
      27
      21
      27
      24
      24
      30
      20
      34
      30
      19
      31
      33
      26
      24
      27
      33
      26
      35
      35
      24
      23
      30
      26
      30
      26
      31
      29
      32
      27
      24
      27
      28
      33
      35
      26
      28
      18
      24
      28
      25
      23
      30
      22
      28
      22
      33
      31
      30
      33
      20
      28
      26
      20
      30
      25
      34
      22
      36
      29
      32
      24
      23
      27
      23
      30
      27
      24
      33
      26
      29
      29
      29
      25
      30
      28
      25
      30
      26
      29
      30
      38
      36
      21
      22
      27
      32
      15
      26
      30
      22
      16
      24
      23
      24
      21
      38
      20
      27
      22
      19
      26
      25
      25
      29
      22
      24
      29
      19
      21
      26
      33
      20
      15
      29
      18
      21
      15
      22
      24
      21
      26
      20
      24
      25
      23
      21
      26
      25
      25
      23
      10
      17
      26
      24
      22
      25
      21
      26
      28
      20
      20
      17
      28
      13
      35
      30
      27
      30
      26
      27
      24
      31
      31
      31
      30
      26
      26
      30
      38
      24
      42
      36
      32
      30
      38
      32
      32
      25
      40
      29
      33
      29
      47
      46
      38
      55
      40
      41
      43
      41
      44
      40
      43
      40
      46
      37
      37
      36
      38
      35
      31
      45
      44
      40
      34
      45
      28
      37
      30
      35
      35
      31
      30
      40
      33
      38
      29
      30
      29
      34
      42
      34
      32
      33
      42
      41
      34
      42
      37
      31
      33
      34
      21
      27
      33
      41
      45
      24
      32
      32
      31
      25
      29
      32
      36
      28
      39
      27
      25
      31
      42
      29
      32
      28
      32
      29
      30
      23
      29
      28
      23
      35
      26
      22
      33
      28
      29
      27
      30
      28
      29
      37
      34
      25
      26
      30
      31
      38
      28
      28
      25
      31
      29
      27
      28
      25
      33
      28
      27
      29
      30
      26
      36
      32
      25
      29
      38
      33
      33
      31
      39
      27
      35
      34
      29
      26
      25
      25
      27
      23
      29
      36
      30
      40
      31
      30
      16
      36
      31
      38
      28
      35
      31
      34
      34
      18
      22
      23
      18
      19
      24
      15
      20
      28
      27
      23
      15
      19
      19
      17
      25
      21
      19
      15
      19
      24
      13
      23
      16
      14
      20
      18
      18
      20
      20
      20
      21
      21
      24
      14
      21
      18
      23
      25
      22
      16
      16
      19
      15
      24
      13
      20
      25
      18
      12
      18
      18
      18
      28
      22
      15
      22
      14
      15
      21
      21
      24
      14
      11
      14
      21
      15
      10
      15
      14
      18
      11
      17
      24
      14
      20
      23
      19
      14
      23
      25
      15
      20
      26
      15
      19
      18
      18
      16
      21
      15
      19
      14
      11
      20
      22
      20
      24
      20
      13
      20
      21
      19
      21
      17
      20
      19
      25
      13
      24
      16
      23
      14
      16
      10
      17
      24
      20
      10
      20
      12
      17
      16
      15
      14
      11
      24
      18
      22
      15
      15
      18
      29
      31
      22
      22
      18
      18
      23
      17
      23
      12
      22
      19
      16
      16
      17
      15
      31
      20
      19
      15
      24
      25
      25
      23
      21
      12
      19
      18
      21
      21
      17
      27
      21
      16
      21
      25
      16
      11
      15
      15
      29
      17
      20
      20
      24
      20
       7
      16
      19
      18
      15
      25
      21
      14
      21
      10
      24
      16
      18
      19
      13
      12
      20
      17
      15
      17
      16
      23
      24
      16
      14
      20
      22
      21
      21
      20
      17
      10
       9
      31
      25
      28
      20
      20
      11
      24
      26
      21
      16
      17
      23
      17
      24
      14
      19
      13
      17
      27
      21
      19
      18
      14
      24
      22
      22
      22
      19
      20
      22
      13
      22
      20
      19
      13
       9
      20
      18
      14
      14
      13
      19
      17
      16
      20
      18
      17
      18
      18
      13
      22
      15
      12
      22
      18
      15
      27
      12
      23
      21
      11
      16
      17
      11
      10
      11
      15
      20
      26
      27
      19
      21
      19
      11
      21
      13
      12
      25
      16
      18
      15
      17
      29
      15
      21
      26
      22
      18
      16
      17
      23
       8
      10
      23
      16
      12
      19
      18
      16
      31
      14
      16
      20
      14
      30
      13
      15
      25
      15
      20
      11
      25
      15
      17
      22
      20
      18
      17
      19
      21
      18
      12
      20
      23
      19
      22
      18
      25
      14
      13
      17
      28
      20
      25
      15
      11
      19
      21
      17
      23
      20
      23
      26
      17
      24
      22
      23
      14
      19
      14
      16
      17
      22
      22
      16
      18
      24
      20
       8
      27
      17
      18
      16
      14
      16
      19
      14
      28
      22
      16
      25
      16
      19
      14
      19
      18
      19
      16
      18
      14
      21
      17
      20
      27
      17
      14
      14
      11
      19
      13
      21
      19
      11
      13
      23
      25
      24
      15
      28
      17
      21
      15
      18
      14
      22
      15
      26
      19
      17
      16
      19
      23
      19
      14
      16
      23
      14
      18
      20
      19
      24
      15
      17
      16
      16
      15
      20
      14
      20
      19
      20
      19
      23
      21
       9
      24
      23
      22
      16
      23
      14
      17
      16
      13
      19
      21
      18
      16
      16
       9
      21
      21
      11
      19
      17
      16
      21
      15
      17
      21
      22
      23
      18
      23
      25
      16
      17
      19
      18
      19
      22
      15
      17
      16
      16
      17
       9
      21
      23
      19
      24
      20
      19
      14
      28
      13
      15
      20
      21
      14
      17
      14
      11
      16
      26
      18
      25
      19
      14
      16
      19
      18
      11
      20
      10
      12
      16
      15
      13
      19
      12
      20
      10
      15
      12
      13
      14
      14
      21
      18
      14
      16
      15
      21
      18
      18
      10
      18
      16
      10
      17
      17
      25
      15
      22
      18
      29
      10
      15
      16
      25
      17
      17
      15
      19
      21
      21
      19
      22
      21
      16
      19
      20
       8
      20
      27
      18
      16
      14
      14
      15
      18
      18
      20
      13
      13
       9
      16
      15
      14
      15
      22
      20
      25
      22
      23
      19
      21
      18
      17
      12
      12
      21
      20
      10
      27
      14
      26
      20
      20
      23
      16
      13
      10
      19
      10
      18
      20
      12
      17
      16
      19
      19
      17
      16
      14
      17
      13
      15
      14
      22
      12
      20
      19
      14
      16
      19
      16
      19
      28
      16
      12
      10
      20
      14
      20
      13
      15
      26
      15
      17
      12
      17
      19
      14
      13
      17
      18
      16
      25
      13
      26
      14
       9
      19
      15
      15
      21
      14
      14
      13
      22
      16
       7
       8
      22
      22
      17
      15
      17
      16
      15
      13
      13
      16
      15
      19
      11
      13
      15
      14
      23
      18
      16
      18
      19
      18
      26
      17
      19
      14
      14
      17
      14
      20
      17
      20
       9
      11
      14
      10
      17
      11
      16
      23
      14
      17
      17
      19
      17
      24
       9
      16
      13
      13
      16
      17
      21
      16
      25
      15
      18
      12
      20
      19
      19
      21
      15
      20
      23
      17
      22
      24
      15
      18
      16
      12
      12
      28
      12
      15
      20
      25
      20
      14
      20
      20
      22
      19
      11
      20
      16
      25
      15
      12
      19
      18
      11
      19
      15
      12
      27
      20
      13
      17
      15
      21
      15
      19
      18
      16
      25
      13
      18
      22
      13
      13
      25
      15
      19
      19
      21
      13
      20
      19
      19
      15
      19
      22
      15
      17
      17
      20
      13
      12
      16
      24
      23
      17
      13
      14
      24
      15
      28
      22
      18
      16
      16
      26
      15
      13
      22
      13
      15
      15
      16
      16
      22
      19
      17
      17
      21
      19
      15
      23
      18
      19
      20
      20
      13
      32
      20
      11
      13
      19
      17
      27
      14
      19
      16
      32
      18
      16
      19
      19
      17
      14
      14
      14
      22
      12
      17
      22
      16
      19
      17
      15
      24
      17
      17
      19
      17
      15
      14
      16
      26
      16
      14
      15
      17
      13
      18
      21
      16
      18
       9
      18
      14
      13
      12
      19
      16
      17
      16
      17
      14
      19
      17
      18
      15
      15
      21
      24
      18
      14
      13
      23
      19
      17
      15
      15
      15
      13
      20
      14
      21
      19
      19
      19
      15
      26
      22
      20
      27
      18
      11
      11
      12
      13
      17
      22
      25
      15
      18
      19
      13
      16
      18
      15
       7
      15
      22
      21
      16
      20
      28
      13
      24
      17
      29
      18
      13
      13
      16
      10
      18
      16
      11
      20
      12
      15
      17
      11
      23
      22
      20
      15
      14
      20
      21
      11
      18
      15
      18
      20
      19
      23
      24
      21
      21
      16
      22
      22
      16
      16
      18
      16
      19
      15
      18
      11
      17
      21
      14
      13
      22
      16
      18
      15
      13
      23
      20
      14
      19
      14
      14
      18
      17
      17
      17
      19
      16
      18
      14
      15
      13
      16
      21
      14
       9
      13
      16
      22
      15
      13
      25
      18
      11
      23
      25
      11
      11
      12
      14
      12
      18
      18
      14
      18
      17
      14
      13
      13
      14
      13
      15
      19
      15
       9
      15
      17
      22
      24
      17
      23
      19
      15
      15
      14
      22
      18
       9
      20
      14
      13
      13
      24
      10
      20
      12
      16
      13
      19
      10
      15
      11
       9
      17
      17
      19
      13
      18
      19
      12
      10
      17
      20
      14
      11
      12
      18
      17
      16
      17
      18
      11
      13
      13
      22
      16
      21
      15
      12
      11
      19
      21
      13
       8
      12
      16
       8
      23
      15
      18
      17
      22
      18
      15
      18
      12
      16
      13
      17
      16
      27
      15
      12
      14
      20
      21
      22
      18
      21
      20
      17
      14
       9
      17
      21
      17
      14
      16
      16
      14
      12
      17
      12
      18
      16
      19
      19
      14
      17
      10
      18
      21
       6
      20
      19
      15
      11
      11
      13
      23
      15
      15
      16
      21
      10
      19
      16
      13
      18
      11
      15
      16
      16
      12
      19
      21
      14
      19
      10
      10
       9
      17
      16
      14
      20
      14
      20
      21
      18
      17
      20
      12
      12
      15
      15
      23
      23
      18
      19
      12
      14
      15
      18
      13
      15
      14
      12
      18
      12
      14
       5
      19
      11
      17
      15
      20
      20
      20
      16
      12
      22
      16
      12
      19
      19
      20
      13
      16
      15
       6
       9
      17
      18
      21
      18
      11
      12
      19
      16
      13
      20
      17
      19
      20
      26
      17
      22
      16
      13
      20
      20
       8
      17
      11
      17
      16
      17
      12
      22
      22
      18
      14
      14
      20
      12
      23
      16
      12
      12
      17
      12
      15
      21
      17
      18
       9
      19
      14
      18
      11
      20
      15
       9
      12
      15
      19
      15
      20
      14
      18
      22
      27
       6
      10
      14
      14
      19
      11
      10
      12
      22
      13
      21
      18
      12
      20
      22
      19
      19
      22
      20
      20
      16
      16
      19
      12
      16
      12
      16
      23
      22
      16
      21
      20
      22
      13
      17
      13
      19
      16
      19
       5
      11
      25
      19
      15
      15
       8
      14
      17
      21
       9
      15
      16
      16
      20
      13
      16
      17
      14
      20
      17
      18
      19
       8
      13
      19
      15
      19
      21
      10
      20
      15
      17
      22
      15
      12
      16
      12
      17
      11
      16
      20
      21
      12
      10
      18
      13
      15
      10
       9
      18
      12
      16
      15
      11
      17
      15
      15
      16
      21
      15
      12
      19
      18
      16
      14
      18
      17
      19
      15
      21
      13
      22
      20
      19
      10
      13
      17
      20
      18
      12
      14
      11
       7
       9
      11
      20
      26
      18
      13
      12
      17
      17
      17
      12
      21
      20
      13
      20
      19
      12
      12
      17
      13
      11
      10
      18
      13
      13
      16
      23
      17
      19
      15
      14
      19
      19
       9
      16
      14
      24
      15
      18
      14
      25
      19
      11
      10
      18
      16
      13
      14
      17
      12
      12
      21
      16
      19
      18
      20
      24
      16
      14
      14
      11
      19
      15
      21
       9
      16
      11
      15
      13
      17
      11
      12
       9
      20
      14
      12
      22
      18
      11
       9
      15
      21
      12
      15
      16
      14
       7
       8
      16
      13
      10
      14
      22
      15
      11
      18
      22
      16
      17
      13
      15
      19
      19
      13
      20
      16
      13
      16
      16
      10
      18
      12
      16
      13
      29
      13
      13
      20
      17
      15
      16
      12
      11
      16
      14
      22
      15
      13
      10
      19
       9
      19
      10
      19
      18
      12
      17
      21
      12
      22
      16
      10
      17
      21
      25
      18
      13
      12
       7
      22
      18
      26
      15
      11
      11
      19
      10
      12
      21
       8
      12
      14
      18
      12
      15
      11
      19
      14
      18
      14
      12
      13
      14
      12
      12
      16
      10
      13
      19
      11
      12
      21
      13
      15
      16
      22
      14
      13
      10
      14
      17
       9
      14
       8
      16
      20
      19
      16
      19
      15
      13
      10
      18
      15
      14
      17
      11
      13
      19
      18
      16
      15
      11
      11
      11
      20
      15
      15
      14
      12
      17
      13
       6
      15
      16
       9
      20
      11
       7
      16
      21
      19
      18
      15
      15
      19
      11
      17
      10
       8
      11
      17
      17
      13
      17
      13
      15
      16
      14
      14
      17
      10
      14
      18
      13
      15
      13
       8
      14
       8
      16
      12
      12
      10
      13
      15
      13
      13
      18
      21
      11
       7
      18
      15
      14
      15
      18
      18
      13
      15
      16
      21
      10
      10
       8
      14
      10
       9
      14
      11
      17
       8
      15
      13
      13
      10
      13
      18
      18
       8
      19
      14
      11
      14
      17
      11
      10
      20
      10
      16
      17
      16
       7
      11
      14
      11
      11
      15
       9
      14
      13
       8
      17
      14
      10
      16
       8
      10
       8
       9
      14
      11
      14
      15
      10
      13
       9
      13
      17
      11
      15
       6
      11
      16
      17
      16
      24
      10
      19
      10
       8
      17
      20
      10
      10
      14
      14
       8
      11
      11
      13
      15
       5
      15
      18
       7
      12
       9
      17
      13
       9
      15
      13
      14
      21
      13
      20
      18
       8
      15
       8
      14
      16
      12
      13
      18
      11
      16
      11
      17
      10
      10
      11
      11
      11
      18
      13
      20
       8
      18
      19
      16
      12
      22
      20
      15
       7
       9
      16
       8
      11
      17
      13
      16
      12
      13
      12
      11
      13
      14
      13
      13
      10
      13
      11
      10
      12
      15
      17
      12
      16
      17
      11
      11
      13
      10
      15
      16
      18
       8
      11
      14
      11
      23
       8
      10
      10
      18
      14
      20
      20
      12
      14
      13
      16
      14
      18
      16
      18
      18
      18
      10
      12
       8
      13
      16
       9
      11
      15
      12
      10
      12
      14
      15
      17
      18
      12
      20
      16
      16
      16
      15
      10
      13
      12
      15
      15
      12
      20
      14
      23
      12
      18
      19
      16
      10
      15
       8
      22
      19
      16
      16
      27
      19
      13
      14
      13
      12
       8
      14
      11
      18
      14
      12
      16
      10
      12
      13
      15
       9
      25
      15
      17
       8
      14
       9
      15
      24
      18
      16
      19
      16
      17
      16
      13
      14
      13
      12
      17
      14
      14
      15
      13
      10
      14
      14
      19
      18
      13
      17
      18
      16
      22
      12
       8
      22
      21
      15
      12
      17
      14
      19
       6
      14
       6
      15
       9
      15
      13
      11
      11
      12
      12
      12
      20
      12
      17
       9
      11
      19
      14
      10
      15
      11
       8
      14
      14
      14
      18
      11
      17
      10
      13
      18
      15
      15
      15
      16
      11
      14
      13
      18
       8
      23
      14
      20
      14
      14
      17
       9
      12
      18
      10
      20
      12
       8
      19
      11
       5
      12
      16
      10
      12
      11
      14
      11
      12
      13
      15
       6
      15
      11
      11
      21
      14
      14
      12
       6
      15
      11
      13
      15
      27
      14
       9
      10
      18
      11
      10
      14
       8
       9
      16
      12
      15
      14
      12
      11
      13
      10
      12
      15
      14
      17
      16
      11
      16
      18
      14
      11
      12
      12
       7
      11
       8
      12
      15
      10
      14
      14
       9
      14
      14
      14
       9
      15
      10
      13
      14
      10
      15
      23
      17
      15
      21
      15
       9
      10
       6
      10
      14
      12
       9
      15
      13
      24
      23
       9
      12
      11
      10
      12
       7
      17
      13
      11
      10
      12
       9
      11
       8
      13
       5
      11
       9
      13
      12
      17
      15
      11
       5
      13
      14
      10
      11
      14
      13
      17
      18
      10
      12
      11
      16
      16
      14
       9
      12
      10
      14
      14
      18
      13
      19
      15
      25
      11
      17
      17
       4
       8
      12
      11
      18
      10
      15
      18
      11
      18
      11
      16
       9
      23
      11
      15
      16
      18
       7
       9
      13
       5
      12
      14
      15
      14
      12
      14
      17
      21
      22
      12
      10
      16
      16
       6
      12
      15
      17
      16
      12
      13
       7
      14
       9
      14
      11
      14
      14
      16
      15
      13
      14
      16
       8
      15
      16
      13
      12
      11
      11
      14
      12
      14
      13
      18
      16
      14
      11
      11
      14
      12
      11
       9
      11
      12
      12
      19
      17
       9
      10
      11
      18
      11
      14
       6
       8
      14
      17
      13
       8
      17
      15
       3
       8
      13
      11
      16
      19
      16
      10
      13
      16
      15
      16
      12
      11
      17
      12
      16
      14
       4
      10
      19
       9
      16
      14
      15
      16
      14
       8
      11
      17
      10
      13
      11
      11
      12
      18
      13
      13
      12
      14
      12
      12
       7
      12
      13
      11
      11
       8
       9
      14
      15
      15
      16
      11
       8
      12
      17
      11
      15
       9
      12
      12
      11
      14
      16
      12
       5
      18
      14
      14
      12
      13
       9
       8
      20
      13
       9
      16
      14
      10
      17
      18
      13
       8
       8
      12
      17
      16
      15
      13
      15
      14
      10
      10
      11
      13
      10
      12
      13
       9
      14
      12
      17
       7
      16
       6
       9
       9
       9
      10
       9
      14
      16
       8
       7
      10
       7
       5
       4
      10
       6
       7
       1
       6
       6
       2
       6
       1
       0
       1
       4
       2
       0
       0
       1
       1
       0
       0
       0
       0
       0
       0
       0
       0
       0
       1
       1
       0
       0
       0
       0
       0
       0
       0
       0
       0
       0
       0
       0
       0
       0
       0
       0
       0
       1
       0
       0
       0
       0
       0
       0
       0
       0
       0
       0
       0
       0
       0
       0
       0
       0
       0
       0
       0
       0
       0
       0
       0
       0
       0
       0
       0
       0
       0
       0
       0
       0
       0
       0
       0
       0
       0
       0
       0
       0
       0
       0
       0
       0
       0
       0
       0
       0
       0
       0
       0
       0
       0
       0
       0
       0
       0
       0
       0
       0
       0
       0
       0
       0
       0
       0
       0
       0
       0
       0
       0
       0
       0
       0
       0
       0
       0
       0
       0
       0
       0
       0
       0
       0
       0
       0
       0
       0
       0
       0
       0
       0
       0
       0
       0
       1
       0
       0
       0
       0
       0
       0
       0
       0
       0
       0
       0
       0
       0
       0
       0
       0
       0
       0
       0
       0
       0
       0
       0
       0
       0
       0
       0
       0
       0
       0
       0
       0
       0
       0
       0
       0
       0
       0
       0
       0
       0
       0
       0
       0
       0
       0
       0
       0
       0
       0
       0
       0
       0
       0
       0
       0
       0
       0
       0
       0
       0
       0
       0
       0
       0
       0
       0
       0
       0
       0
       0
       0
       0
       0
       0
       0
       0
       0
       0
       0
       0
       0
       0
       0
       0
       0
       0
       0
       0
       0
       0
       0
       0
       0
       0
       0
       0
       0
       0
       0
       0
       0
       0
       0
       0
       0
       0
       0
       0
       0
       0
       0
       0
       0
       0
       0
       0
       0
       0
       0
       0
       0
       0
       0
       0
       0
       0
       0
       0
       0
       0
       0
       0
       0
       0
       0
       0
       0
       0
       0
       0
       0
       0
       0
       0
       0
       0
       0
       0
       0
       0
       0
       0
       0
       0
       0
       0
       0
       0
       0
       0
       0
       0
       0
       0
       0
       0
       0
       0
       0
       0
       0
       0
       0
       0
       0
       0
       0
       0
       0
       0
       0
       0
       0
       0
       0
       0
       0
       0
       0
       0
       0
       0
       0
       0
       0
       0
       0
       0
       0
       0
       0
       0
       0
       0
       0
       0
       0
       0
       0
       0
       0
       0
       0
       0
       0
       0
       0
       0
       0
       0
       0
       0
       0
       0
       0
       0
       0
       0
       0
       0
       0
       0
       0
       0
       0
       0
       0
       0
       0
       0
       0
       0
       0
       0
       0
       0
       0
       0
       0
       0
       0
       0
       0
       0
       0
       0
       0
       0
       0
       0
       0
       0
       0
       0
       0
       0
       0
       0
       0
       0
       0
       0
       0
       0
       0
       0
       0
       0
       0
       0
       0
       0
       0
       0
       0
       0
       0
       0
       0
       0
       0
       0
       0
       0
       0
       0
       0
       0
       0
       0
       0
       0
       0
       0
       0
       0
       0
$ROI:
1
4370 4531
$PRESETS:
None
0
0
$ENER_FIT:
0.000000 0.328116
$MCA_CAL:
3
0.000000E+000 3.281159E-001 0.000000E+000 keV
$SHAPE_CAL:
3
7.632923E+000 0.000000E+000 0.000000E+000
