$SPEC_ID:
No sample description was entered.
$SPEC_REM:
DET# 1
DETDESC# NOISEPC Easy-MCA-8k SN 12310217
AP# Maestro Version 7.01
$DATE_MEA:
06/16/2022 18:38:44
$MEAS_TIM:
5400 5453
$DATA:
0 8191
       0
       0
       0
       0
       0
       0
       0
       0
       0
       0
       0
       0
       0
       0
       0
       0
       0
       0
       0
       0
       0
       0
       0
       0
       0
       0
       0
       0
       0
       0
       0
       0
       0
       0
       0
       0
       0
       0
       0
       0
       0
       0
       0
       0
       0
       0
       0
       0
       0
       0
       0
       0
       0
       0
       0
       0
       0
       0
       0
       2
       1
       1
       0
       0
       0
       0
       0
       0
       1
       1
       0
       2
       3
       5
      17
      22
      56
      73
     115
     146
     167
     206
     238
     225
     256
     257
     265
     275
     299
     258
     275
     249
     244
     256
     300
     285
     253
     233
     258
     228
     262
     263
     265
     230
     257
     232
     258
     253
     248
     242
     251
     252
     228
     250
     238
     225
     205
     248
     256
     233
     235
     229
     217
     266
     246
     239
     221
     234
     240
     249
     229
     208
     205
     218
     201
     208
     225
     219
     233
     226
     222
     218
     210
     233
     224
     211
     226
     217
     204
     240
     215
     230
     183
     248
     211
     212
     216
     216
     210
     202
     196
     198
     215
     188
     201
     198
     215
     204
     211
     221
     197
     222
     170
     191
     202
     224
     208
     219
     213
     198
     208
     231
     209
     196
     211
     197
     202
     210
     206
     204
     206
     206
     218
     212
     190
     181
     191
     211
     202
     205
     219
     208
     178
     226
     210
     229
     214
     196
     195
     178
     188
     186
     204
     212
     221
     207
     199
     191
     199
     205
     207
     199
     188
     194
     179
     191
     224
     183
     199
     192
     207
     212
     200
     208
     216
     191
     200
     199
     215
     245
     212
     194
     187
     198
     210
     199
     220
     208
     187
     218
     199
     206
     243
     213
     228
     216
     214
     228
     210
     218
     234
     236
     230
     223
     221
     219
     226
     262
     214
     230
     234
     219
     211
     257
     235
     235
     200
     249
     239
     244
     239
     225
     244
     249
     300
     237
     253
     260
     253
     265
     250
     246
     285
     269
     256
     269
     255
     245
     312
     264
     239
     258
     232
     295
     253
     267
     278
     261
     281
     260
     264
     287
     280
     298
     289
     269
     292
     313
     293
     312
     278
     329
     275
     316
     301
     308
     295
     321
     327
     354
     332
     343
     312
     296
     290
     325
     283
     307
     292
     317
     296
     296
     328
     301
     339
     327
     312
     342
     337
     307
     331
     341
     344
     328
     341
     333
     357
     345
     340
     306
     350
     394
     356
     359
     374
     342
     341
     330
     355
     336
     353
     379
     370
     367
     405
     354
     344
     360
     348
     376
     372
     350
     397
     386
     370
     348
     373
     377
     346
     375
     373
     378
     354
     387
     391
     385
     357
     401
     417
     373
     406
     353
     362
     382
     372
     346
     390
     405
     395
     357
     377
     433
     389
     368
     393
     406
     395
     378
     360
     426
     398
     382
     437
     417
     384
     413
     386
     401
     386
     408
     388
     414
     424
     415
     390
     447
     418
     400
     405
     425
     439
     418
     448
     384
     406
     421
     442
     438
     412
     443
     429
     424
     433
     392
     419
     449
     455
     408
     443
     418
     462
     437
     426
     417
     393
     455
     428
     419
     419
     414
     452
     459
     425
     447
     410
     416
     439
     414
     392
     403
     466
     419
     440
     431
     446
     434
     409
     461
     432
     438
     395
     449
     451
     413
     435
     435
     470
     419
     452
     431
     461
     449
     408
     487
     425
     441
     421
     457
     447
     434
     461
     441
     419
     444
     420
     445
     417
     490
     450
     432
     453
     462
     475
     412
     442
     456
     452
     427
     455
     467
     474
     428
     452
     434
     445
     459
     437
     437
     440
     449
     404
     395
     437
     437
     443
     422
     418
     434
     408
     447
     448
     431
     408
     441
     388
     471
     433
     431
     433
     441
     404
     407
     448
     411
     432
     429
     399
     436
     448
     431
     459
     422
     446
     430
     402
     411
     396
     451
     438
     431
     404
     440
     443
     448
     396
     424
     390
     436
     383
     421
     450
     417
     420
     432
     419
     393
     393
     381
     378
     430
     416
     439
     397
     427
     417
     402
     431
     402
     397
     405
     410
     387
     391
     380
     386
     428
     447
     396
     421
     391
     406
     416
     387
     377
     373
     401
     379
     379
     400
     383
     389
     404
     388
     352
     358
     361
     376
     411
     363
     384
     400
     378
     409
     363
     412
     372
     366
     388
     414
     380
     376
     381
     396
     374
     361
     401
     377
     386
     370
     388
     387
     367
     388
     357
     351
     328
     346
     381
     379
     388
     361
     361
     361
     384
     361
     352
     399
     355
     371
     355
     391
     340
     357
     331
     394
     377
     371
     369
     404
     384
     340
     353
     365
     363
     373
     349
     330
     363
     328
     390
     363
     379
     365
     339
     409
     361
     343
     348
     346
     322
     345
     323
     349
     353
     357
     345
     367
     308
     382
     327
     319
     348
     322
     355
     357
     334
     340
     355
     333
     342
     328
     366
     312
     357
     341
     319
     341
     350
     340
     320
     349
     347
     334
     351
     320
     309
     322
     337
     343
     359
     339
     321
     334
     338
     369
     324
     319
     336
     350
     301
     313
     329
     290
     312
     342
     311
     339
     340
     303
     313
     315
     326
     308
     315
     300
     321
     318
     323
     328
     311
     328
     285
     310
     318
     286
     295
     336
     300
     289
     323
     302
     322
     336
     297
     291
     297
     329
     324
     340
     353
     359
     346
     354
     346
     307
     317
     299
     295
     295
     297
     284
     311
     288
     274
     283
     273
     284
     282
     306
     295
     300
     269
     310
     286
     279
     277
     324
     301
     262
     299
     289
     287
     283
     290
     274
     287
     280
     258
     312
     285
     310
     292
     292
     278
     273
     271
     274
     245
     277
     284
     277
     271
     280
     264
     280
     293
     273
     319
     275
     267
     250
     269
     276
     265
     298
     302
     248
     251
     271
     265
     263
     269
     243
     246
     261
     254
     263
     262
     276
     251
     256
     237
     290
     247
     265
     257
     259
     264
     284
     248
     223
     268
     255
     252
     258
     258
     286
     235
     257
     271
     256
     263
     292
     255
     246
     277
     280
     243
     240
     260
     253
     238
     228
     255
     269
     253
     261
     250
     251
     252
     269
     237
     229
     208
     256
     256
     251
     261
     246
     237
     224
     255
     250
     229
     248
     222
     232
     270
     240
     266
     252
     243
     235
     246
     219
     268
     254
     240
     226
     222
     206
     244
     231
     225
     237
     228
     221
     241
     226
     226
     236
     212
     236
     208
     190
     222
     262
     244
     231
     233
     224
     238
     202
     227
     241
     226
     202
     243
     224
     230
     202
     237
     224
     225
     224
     220
     189
     245
     206
     231
     225
     281
     212
     226
     232
     224
     194
     213
     210
     209
     197
     252
     191
     215
     237
     206
     226
     210
     195
     229
     216
     215
     199
     199
     203
     215
     234
     214
     191
     226
     234
     228
     242
     242
     284
     369
     367
     460
     419
     405
     357
     300
     232
     252
     201
     228
     211
     233
     232
     255
     239
     274
     258
     231
     192
     223
     218
     181
     207
     165
     170
     211
     210
     188
     167
     221
     191
     191
     199
     170
     156
     160
     180
     195
     164
     189
     177
     169
     192
     183
     212
     186
     169
     184
     186
     172
     190
     182
     160
     193
     189
     170
     171
     191
     206
     162
     178
     201
     195
     171
     150
     175
     163
     169
     172
     156
     180
     178
     153
     187
     180
     166
     181
     199
     171
     162
     172
     179
     168
     165
     176
     197
     163
     165
     164
     190
     157
     159
     169
     142
     166
     159
     166
     181
     157
     167
     152
     176
     159
     162
     163
     190
     166
     168
     170
     180
     151
     148
     159
     184
     150
     154
     168
     157
     161
     164
     159
     175
     145
     132
     175
     151
     139
     165
     163
     164
     161
     174
     158
     154
     161
     161
     169
     175
     165
     180
     161
     165
     135
     140
     162
     166
     168
     146
     149
     125
     131
     157
     159
     138
     157
     163
     153
     148
     156
     140
     152
     143
     137
     146
     152
     172
     152
     171
     172
     158
     165
     159
     156
     150
     151
     156
     145
     168
     168
     148
     148
     144
     138
     133
     113
     124
     152
     167
     148
     140
     137
     121
     151
     155
     146
     143
     158
     160
     142
     144
     131
     147
     118
     154
     146
     126
     140
     161
     144
     137
     114
     132
     132
     150
     132
     125
     128
     145
     143
     143
     137
     140
     121
     119
     123
     131
     136
     136
     118
     132
     132
     123
     144
     145
     149
     141
     147
     127
     147
     134
     158
     166
     145
     189
     242
     255
     247
     243
     214
     187
     175
     146
     128
     125
     130
     137
     145
     120
     122
     127
     125
     122
     133
     119
     141
     143
     136
     153
     156
     153
     137
     104
     133
     120
      78
     142
     130
     117
     109
     138
     122
     117
     135
     102
     121
     120
     141
     134
     129
      99
     123
     113
      95
     121
     124
     127
     127
     143
     120
     111
     119
     103
     114
     143
     121
     124
     118
      99
     121
     129
     117
     126
     112
     115
     105
     108
     126
     110
     118
     120
     101
     127
     112
     120
     120
     132
     106
     118
     114
     118
      99
     105
     101
     104
     120
     121
     120
     137
     116
      99
      94
     101
     121
     114
     101
     118
     115
     103
     112
     125
     119
     129
     127
     116
     109
     117
     102
     102
     116
     107
     120
     112
     104
      95
     126
     110
     117
     102
     118
      81
     102
     111
     105
     120
     107
     110
      96
      99
      96
     132
     101
     100
     107
     111
     108
     124
     106
     112
     119
     106
     111
     110
     107
      90
     105
      99
      99
     104
      99
     114
     105
      94
     128
     104
     105
     107
     100
     111
      87
      96
      97
     117
      97
     113
      98
     111
     112
     125
      95
     106
     108
      98
     101
     110
     100
      90
      93
     107
     130
     148
     138
     155
     172
     151
     168
     134
     127
     129
     114
     103
      99
      94
     108
     112
      98
      96
     113
      98
      90
      96
      99
      96
      87
      95
     101
      76
      97
      98
      82
     100
      91
      98
      83
      73
      90
      83
      84
     113
      92
      93
      99
      87
      94
      83
      96
      85
      97
      98
     100
     110
      84
     110
     102
     103
      88
      96
     143
     185
     229
     270
     284
     301
     298
     286
     219
     152
     136
     113
     102
     100
     104
     102
      83
      88
      69
     102
      80
      80
      89
      75
      98
     109
      76
      83
      87
      79
      79
      98
      90
      79
      83
      90
      75
      84
      89
     100
     103
      99
      87
      82
      86
      86
      91
      94
      81
      90
      91
      75
      71
      86
      80
      75
      90
      72
      66
      91
      81
     102
      78
      88
      82
      88
      65
      89
      67
      83
      71
      76
      70
      77
      83
      73
      97
      85
      93
      86
      58
      75
      95
      75
      74
      79
      79
      92
      89
      86
      81
      84
      75
      84
      67
      95
      76
      89
      76
      59
      82
      73
      72
      71
      67
      86
      83
      89
      75
      60
      77
      83
      90
      70
      73
      79
      74
      84
      84
      76
      66
      71
      66
      69
      80
      81
      64
      76
      54
      76
      77
      79
      72
     101
      62
      79
      65
      92
      76
      80
      70
     101
      66
      74
      97
      93
      71
      89
      82
      90
      69
      74
      89
      88
      62
      90
      73
      66
      91
      71
      86
      80
      83
      78
      85
      89
      69
      86
      73
      88
      80
      84
      77
      78
      69
      81
      79
      69
      73
      73
      54
      78
      71
      67
      71
      69
      81
      77
      74
      71
      63
      63
      76
      99
      73
      72
      77
      59
      63
      73
      73
      69
      73
      69
      76
      78
      94
      71
      67
      69
      62
      78
      72
      63
      68
      61
      69
      83
      71
      94
      73
      71
      76
      79
      55
      86
      68
      73
      61
      81
      70
      65
      75
      62
      85
      79
      84
      74
      90
      75
      77
      68
      65
      71
      72
      76
      62
      78
      60
      68
      61
      81
      70
      67
      85
      73
      76
      79
      76
      74
      60
      58
      73
      59
      86
      69
      58
      67
      64
      71
      75
      60
      61
      80
      78
      73
      82
      73
      58
      77
      62
      79
      76
      61
      55
      61
      51
      69
      74
      78
      67
      70
      81
      66
      57
      73
      63
      63
      74
      57
      68
      65
      73
      84
      62
      63
      64
      82
      70
      61
      73
      79
      65
      80
      57
      70
      48
      57
      61
      66
      64
      60
      77
      66
      54
      68
      62
      66
      60
      66
      60
      73
      63
      84
      58
      61
      65
      74
      64
      61
      63
      66
      72
      61
      58
      62
      61
      69
      60
      59
      62
      62
      64
      74
      58
      66
      56
      54
      64
      57
      61
      61
      66
      46
      59
      66
      58
      72
      63
      60
      54
      61
      62
      64
      62
      70
      63
      61
      67
      53
      54
      52
      63
      64
      53
      61
      62
      54
      62
      60
      55
      54
      69
      62
      68
      75
      56
      62
      54
      61
      47
      68
      88
      62
      59
      61
      54
      56
      66
      67
      63
      52
      49
      81
      61
      54
      55
      55
      62
      51
      53
      71
      40
      55
      70
      51
      53
      52
      54
      68
      50
      69
      59
      62
      55
      74
      73
      59
      59
      58
      71
      51
      54
      66
      53
      52
      57
      57
      47
      60
      48
      62
      58
      48
      56
      65
      66
      59
      58
      50
      54
      43
      75
      58
      66
      55
      52
      52
      64
      58
      67
      57
      66
      73
      53
      61
      61
      60
      63
      64
      52
      72
      60
      72
      63
      68
      71
      65
      65
      72
      55
      51
      37
      60
      68
      47
      46
      44
      48
      55
      55
      51
      61
      59
      40
      60
      49
      52
      68
      48
      56
      56
      50
      60
      50
      45
      55
      64
      59
      46
      50
      70
      49
      46
      56
      59
      54
      50
      43
      57
      52
      56
      51
      76
      50
      60
      54
      52
      53
      53
      67
      60
      56
      49
      55
      67
      56
      65
      53
      63
      69
      51
      64
      45
      52
      52
      47
      62
      50
      57
      60
      58
      48
      53
      48
      50
      55
      62
      48
      56
      49
      47
      68
      43
      53
      53
      54
      48
      58
      42
      45
      57
      54
      46
      42
      52
      50
      53
      42
      59
      43
      59
      49
      47
      48
      56
      56
      59
      61
      50
      52
      56
      48
      55
      55
      50
      40
      47
      58
      55
      52
      54
      46
      65
      48
      47
      49
      41
      54
      55
      48
      52
      54
      56
      50
      40
      38
      52
      53
      54
      44
      53
      42
      41
      41
      45
      48
      56
      51
      65
      58
      47
      52
      51
      50
      62
      40
      45
      54
      54
      55
      44
      42
      45
      53
      42
      55
      49
      57
      52
      51
      52
      48
      37
      54
      48
      46
      39
      48
      40
      38
      42
      39
      54
      43
      53
      44
      56
      67
      58
      71
      67
      63
      66
      89
      96
     150
     135
     182
     203
     229
     227
     249
     247
     231
     189
     162
     151
     132
     104
      80
      74
      59
      65
      50
      55
      56
      49
      37
      42
      38
      47
      58
      36
      33
      49
      45
      46
      47
      50
      43
      40
      37
      40
      38
      48
      46
      46
      43
      48
      38
      45
      37
      48
      38
      51
      38
      43
      44
      49
      47
      41
      42
      61
      47
      47
      44
      52
      45
      38
      30
      41
      41
      39
      37
      40
      44
      35
      37
      48
      46
      39
      47
      43
      38
      50
      47
      42
      42
      54
      49
      48
      42
      45
      43
      37
      39
      38
      32
      36
      45
      36
      36
      47
      45
      35
      45
      40
      45
      44
      38
      42
      47
      41
      54
      43
      36
      42
      44
      39
      36
      38
      43
      47
      50
      41
      46
      47
      39
      45
      29
      38
      30
      47
      29
      32
      34
      43
      40
      49
      41
      35
      48
      31
      37
      36
      53
      41
      44
      30
      36
      38
      32
      40
      38
      35
      36
      42
      40
      49
      37
      39
      44
      37
      51
      38
      39
      46
      41
      33
      45
      48
      48
      36
      42
      52
      30
      39
      38
      32
      53
      32
      38
      55
      35
      35
      48
      41
      38
      34
      46
      44
      40
      44
      44
      22
      42
      43
      38
      43
      33
      43
      52
      39
      41
      40
      51
      33
      28
      42
      43
      37
      40
      41
      41
      39
      32
      49
      33
      31
      39
      47
      47
      43
      39
      46
      43
      42
      36
      37
      47
      48
      49
      44
      31
      41
      51
      43
      43
      31
      44
      39
      41
      40
      37
      43
      40
      38
      35
      53
      62
      40
      54
      38
      36
      31
      34
      42
      45
      38
      42
      31
      38
      33
      38
      40
      35
      31
      32
      41
      43
      41
      36
      37
      35
      39
      33
      46
      35
      44
      47
      31
      35
      32
      47
      42
      42
      35
      36
      49
      36
      46
      43
      27
      33
      42
      39
      34
      29
      31
      40
      37
      39
      30
      59
      33
      46
      27
      37
      38
      41
      46
      41
      43
      46
      38
      40
      44
      64
      66
      69
      99
     125
     167
     164
     173
     140
      93
      78
      85
      52
      51
      37
      41
      35
      47
      39
      41
      41
      35
      34
      37
      37
      32
      44
      33
      45
      42
      39
      46
      35
      38
      47
      27
      39
      42
      32
      36
      35
      40
      39
      37
      33
      36
      30
      26
      27
      37
      43
      34
      34
      38
      39
      26
      40
      24
      31
      36
      38
      55
      37
      35
      39
      30
      29
      43
      34
      28
      32
      30
      26
      37
      34
      39
      29
      28
      33
      26
      39
      38
      35
      27
      36
      34
      43
      39
      32
      28
      38
      36
      28
      31
      32
      41
      26
      37
      45
      37
      34
      31
      38
      30
      34
      33
      23
      28
      29
      26
      43
      37
      64
      82
     110
     125
     174
     255
     275
     295
     264
     243
     157
     129
      84
      70
      49
      48
      31
      26
      29
      29
      25
      28
      38
      30
      26
      34
      23
      38
      33
      37
      28
      20
      31
      35
      27
      30
      33
      32
      43
      34
      27
      32
      28
      33
      35
      31
      42
      44
      34
      36
      18
      31
      34
      19
      31
      44
      37
      29
      23
      24
      25
      29
      43
      29
      30
      29
      30
      31
      31
      31
      39
      39
      37
      33
      37
      23
      27
      26
      36
      27
      40
      24
      32
      16
      29
      32
      31
      21
      30
      31
      42
      30
      31
      35
      36
      28
      33
      32
      31
      28
      26
      32
      27
      31
      36
      24
      21
      34
      34
      29
      26
      30
      31
      33
      28
      40
      27
      36
      35
      42
      28
      34
      32
      34
      26
      29
      26
      30
      21
      36
      37
      29
      24
      26
      38
      32
      35
      23
      30
      35
      17
      26
      28
      25
      26
      29
      36
      33
      28
      33
      34
      27
      30
      26
      16
      30
      35
      26
      25
      28
      39
      25
      36
      34
      31
      19
      31
      30
      37
      36
      28
      37
      37
      18
      25
      18
      29
      31
      21
      29
      30
      32
      28
      35
      30
      30
      34
      42
      35
      24
      23
      27
      34
      27
      29
      21
      23
      23
      32
      20
      29
      32
      37
      33
      29
      25
      32
      35
      24
      28
      42
      18
      25
      32
      32
      33
      27
      34
      27
      28
      35
      27
      23
      37
      22
      44
      32
      29
      21
      35
      35
      44
      40
      49
      51
      42
      35
      38
      36
      36
      22
      38
      29
      25
      29
      26
      33
      31
      49
      40
      35
      29
      23
      31
      39
      24
      31
      23
      18
      28
      33
      32
      34
      32
      27
      18
      18
      26
      28
      28
      26
      22
      28
      30
      37
      28
      32
      28
      35
      25
      30
      36
      32
      30
      30
      20
      29
      35
      29
      35
      41
      27
      23
      22
      42
      40
      27
      31
      20
      34
      33
      20
      24
      41
      35
      21
      37
      24
      25
      28
      28
      28
      23
      25
      26
      29
      34
      28
      43
      32
      25
      23
      28
      28
      31
      26
      27
      24
      27
      26
      26
      20
      33
      21
      25
      33
      20
      22
      26
      23
      22
      32
      24
      19
      20
      38
      34
      29
      24
      32
      25
      21
      28
      27
      25
      31
      20
      38
      32
      31
      28
      16
      31
      20
      26
      23
      32
      33
      30
      31
      30
      22
      28
      23
      31
      22
      43
      32
      29
      21
      19
      22
      29
      19
      23
      35
      24
      38
      27
      30
      25
      24
      27
      27
      24
      27
      27
      27
      19
      19
      28
      21
      22
      33
      28
      26
      26
      34
      22
      22
      27
      26
      28
      25
      34
      23
      25
      25
      29
      19
      41
      35
      22
      21
      23
      19
      29
      23
      30
      22
      29
      28
      34
      27
      27
      20
      34
      17
      27
      24
      23
      29
      29
      24
      32
      30
      36
      36
      33
      24
      26
      27
      14
      24
      24
      18
      31
      24
      26
      25
      23
      26
      25
      17
      30
      35
      27
      23
      27
      34
      30
      19
      18
      35
      25
      16
      37
      40
      31
      25
      29
      33
      23
      28
      42
      29
      20
      28
      33
      21
      27
      29
      29
      37
      24
      17
      31
      38
      33
      28
      23
      21
      33
      17
      27
      28
      32
      36
      31
      31
      26
      45
      34
      43
      46
      55
      48
      69
      42
      52
      37
      32
      30
      18
      38
      17
      25
      25
      28
      18
      25
      27
      25
      31
      28
      21
      18
      23
      22
      20
      20
      29
      26
      25
      25
      28
      26
      30
      24
      23
      26
      22
      23
      27
      28
      29
      23
      25
      21
      20
      24
      32
      25
      23
      20
      24
      26
      23
      31
      24
      25
      26
      25
      22
      32
      24
      21
      30
      29
      29
      28
      25
      21
      27
      28
      28
      20
      26
      26
      23
      29
      16
      26
      25
      23
      27
      18
      20
      24
      28
      24
      28
      30
      24
      18
      41
      22
      15
      22
      31
      23
      34
      32
      32
      22
      16
      28
      32
      18
      17
      25
      29
      29
      24
      18
      36
      38
      32
      26
      24
      22
      23
      30
      28
      28
      18
      38
      36
      20
      31
      26
      28
      23
      25
      16
      20
      26
      35
      27
      23
      25
      19
      34
      32
      24
      22
      28
      25
      24
      29
      22
      28
      21
      24
      18
      28
      30
      24
      25
      23
      30
      31
      30
      25
      20
      23
      29
      31
      33
      25
      28
      27
      32
      30
      23
      27
      24
      17
      27
      29
      32
      43
      43
      47
      41
      40
      37
      36
      39
      32
      35
      32
      26
      33
      27
      19
      35
      29
      18
      19
      35
      21
      21
      20
      18
      30
      15
      23
      23
      26
      14
      25
      27
      25
      17
      17
      18
      27
      27
      22
      26
      27
      22
      20
      29
      27
      24
      24
      20
      23
      23
      27
      22
      21
      23
      17
      29
      20
      24
      28
      29
      25
      16
      31
      29
      25
      25
      21
      18
      18
      20
      17
      25
      25
      27
      22
      30
      32
      23
      28
      35
      36
      31
      28
      25
      37
      18
      19
      22
      22
      29
      23
      27
      13
      32
      16
      14
      19
      25
      17
      22
      23
      17
      28
      31
      20
      25
      22
      23
      22
      30
      23
      25
      19
      28
      30
      45
      37
      33
      38
      28
      34
      32
      22
      25
      40
      21
      19
      28
      21
      20
      20
      24
      18
      30
      26
      28
      12
      25
      16
      20
      14
      27
      18
      21
      26
      19
      16
      21
      29
      18
      28
      17
      32
      15
      27
      29
      13
      28
      25
      19
      32
      21
      24
      25
      29
      25
      28
      32
      29
      25
      26
      35
      22
      28
      19
      29
      16
      21
      18
      28
      24
      24
      18
      24
      21
      25
      27
      23
      16
      23
      27
      11
      18
      16
      12
      16
      22
      19
      13
      17
      22
      33
      27
      22
      26
      22
      28
      21
      23
      20
      27
      19
      20
      21
      25
      32
      20
      20
      29
      20
      20
      28
      22
      15
      21
      19
      28
      16
      24
      21
      25
      24
      22
      20
      16
      17
      20
      27
      18
      17
      22
      26
      31
      11
      26
      26
      16
      26
      19
      19
      18
      20
      18
      33
      20
      19
      19
      23
      25
      27
      25
      15
      21
      23
      26
      21
      22
      18
      24
      17
      17
      20
      19
      27
      31
      27
      31
      16
      18
      32
      24
      25
      22
      24
      25
      19
      20
      28
      15
      23
      24
      17
      28
      25
      22
      28
      24
      23
      21
      25
      20
      19
      22
      27
      18
      24
      17
      24
      25
      27
      26
      25
      23
      27
      22
      24
      22
      25
      28
      23
      23
      21
      26
      21
      20
      26
      18
      15
      22
      24
      17
      14
      19
      23
      28
      26
      20
      15
      23
      20
      19
      28
      30
      21
      28
      22
      27
      18
      23
      24
      18
      20
      19
      15
      21
      19
      14
      17
      20
      14
      16
      28
      19
      22
      21
      26
      14
      15
      19
      18
      20
      22
      14
      28
      20
      21
      22
      13
      20
      17
      16
      17
      15
      22
      17
      22
      25
      32
      30
      17
      21
      28
      25
      19
      23
      20
      22
      28
      39
      40
      31
      41
      33
      28
      43
      31
      31
      22
      13
      27
      21
      26
      21
      25
      25
      15
      28
      21
      20
      14
      33
      19
      16
      20
      12
      17
      14
      23
      19
      19
      16
      24
      23
      16
      31
      19
      13
      19
      13
      23
      13
      21
      18
      26
      26
      24
      24
      13
      16
      19
      26
      24
      18
      28
      25
      27
      21
      25
      27
      18
      15
      26
      17
      21
      20
      18
      23
      25
      17
      24
      24
      19
      27
      19
      26
      15
      17
      14
      24
      19
      21
      17
      15
      27
      26
      31
      21
      24
      11
      25
      25
      23
      22
      13
      20
      19
      21
      24
      27
      17
      25
      23
      26
      24
      20
      15
      30
      14
      20
      19
      21
      12
      26
      18
      14
      20
      25
      23
      18
      23
      22
      20
      13
      22
      14
      14
      24
      19
      16
      12
      19
      16
      21
      16
      16
      23
      25
      22
      26
      23
      27
      20
      19
      20
      25
      15
      19
      29
      12
      21
      20
      25
      22
      15
      20
      23
      27
      21
      25
      20
      19
      17
      27
      21
      14
      20
      17
      30
      16
      21
      26
      23
      24
      22
      18
      13
      24
      16
      14
      18
      15
      23
      32
      18
      21
      27
      19
      21
      24
      21
      22
      21
      23
      15
      29
      19
      20
      16
      20
      20
       8
      17
      15
      20
      20
      15
      20
      21
      20
      29
      31
      28
      27
      37
      46
      58
      53
      69
      85
     106
     114
     100
      96
      84
      73
      58
      47
      36
      21
      14
      25
      18
      18
      16
      20
      15
      15
      27
      29
      21
      14
      28
      25
      18
      15
      23
      20
      18
      21
      22
      26
      22
      18
      24
      18
      14
      18
      23
      18
      14
      24
      18
      17
      14
      22
      20
      27
      22
      17
      16
      23
      19
      14
      16
      15
      25
      20
      19
      23
      17
      15
      18
      15
      20
      13
      20
      24
      22
      19
      24
      13
      25
      15
      22
      20
      17
      20
      16
      20
      22
      15
      29
      16
      23
      20
      23
      21
      13
      23
      17
      27
      18
      25
      17
      33
      30
      20
      31
      42
      39
      40
      32
      31
      21
      17
      20
      28
      18
      20
      24
       9
      17
      18
      17
      29
      19
      19
      15
      10
      21
      21
      23
      20
      16
      20
      24
      19
      19
      25
      22
      18
      19
      16
      18
      15
      26
      19
      19
      20
      18
      19
      10
      20
      15
      25
      17
      25
      21
      23
      17
      19
      10
      22
      21
      16
      20
      19
      22
      25
      21
      29
      24
      23
      23
      17
      30
      24
      23
      28
      24
      23
      26
      14
      13
      18
      23
      14
      23
      24
      15
      23
      23
      12
      14
      24
      22
      14
      15
      22
      20
      20
      24
      16
      13
      22
      24
      23
      23
      20
      11
      17
      25
      20
      20
      23
      21
      15
      26
      19
      20
      17
      25
      22
      18
      16
      23
      26
      22
      21
      21
      17
      23
      20
      22
      19
      30
      21
      25
      23
      42
      36
      31
      37
      33
      26
      22
      25
      18
      20
      25
      20
      26
      28
      30
      42
      48
      51
      58
      68
      63
      67
      63
      64
      55
      33
      49
      33
      31
      15
      18
      10
      17
      23
      23
      18
      12
      19
      18
      17
      17
      16
      15
      16
      20
      18
      26
      12
      13
      16
      19
      17
      13
      19
      19
      21
      25
      15
      26
      23
      15
      14
      18
      25
      19
      15
      12
      18
      24
      21
      17
      12
      19
      20
      20
      19
      16
      26
      21
      24
      15
      16
      17
      16
      20
      13
      14
      13
      17
      14
      13
      24
      19
      19
      22
      16
      18
      13
      23
      18
      22
      15
      14
      19
      17
      19
      17
      25
      15
      16
      13
      26
      15
      13
      20
      15
      16
      19
      23
      17
      25
      17
      15
      12
      20
      15
      10
      18
      15
      13
      15
      22
      16
      20
      16
      21
      18
      16
      18
      15
      18
      14
      22
      14
      18
      10
      16
      17
      21
      20
      25
      13
      18
      18
      16
      22
      22
      16
      18
      19
      18
      23
      20
      20
      19
      21
      24
      16
      18
      21
      19
      18
      25
      14
      18
      14
      17
      22
      23
      17
      21
      16
      17
      19
      22
      16
      17
      10
      17
      13
      17
      17
      19
      13
      20
      18
      15
      16
      18
      12
      16
      18
      16
      13
      18
      16
      11
      22
      21
      22
      24
      18
      16
      23
      17
      19
      20
      16
      14
      11
      22
      13
      17
      22
      19
      19
      15
      19
      14
      18
      21
      18
      12
      15
      15
      15
      18
      19
      21
      14
      22
      21
      17
      22
      19
      16
      16
      13
      19
      19
      23
      10
      12
      18
      21
      26
      15
      19
      12
      21
      21
      15
      18
      21
      16
      19
      12
      14
      23
      21
      12
      15
      14
      15
      17
      16
      11
      18
      18
       6
      18
      20
      19
      21
      23
      13
      20
      18
      12
      16
      22
      12
      15
      23
      23
      17
      18
      29
      13
      21
      14
      16
      13
      13
      13
      17
      14
      16
      11
      11
      11
      17
      12
      18
      17
      11
      24
      20
      12
      25
      18
      16
      21
       7
      25
      21
      21
      16
      20
      15
      19
      16
      15
      19
      22
      15
      21
      25
      12
      13
      17
      23
      16
      15
      10
      24
      19
      17
      20
      14
      11
      21
      18
      21
      14
      13
      20
      15
      21
      24
      13
      15
      14
      15
      22
      21
      23
      19
      15
      19
      12
      16
      20
      12
      17
      10
      15
      18
      25
      18
      14
      21
      15
      16
      12
      15
      20
      19
      16
      17
      15
      15
      14
      19
      12
      13
      17
      13
      19
      16
      20
      17
      13
      21
      20
      15
      15
      18
      18
      15
      16
      11
      12
      11
      19
      16
      20
      14
      17
      14
      12
      22
      19
      16
      15
      17
      10
      23
      20
      19
      19
      18
      19
      23
      18
      12
      21
      11
      19
      14
      19
      15
      20
      20
      24
      13
      21
      19
      16
      17
      18
       5
      22
      21
      18
      15
      18
      11
      24
      20
      14
      21
      27
      16
      10
      16
      14
      22
      17
      22
      17
      13
      22
      16
      15
      18
      15
      21
      24
      16
      18
      16
      15
      19
      27
      19
      16
      20
      18
      15
      20
      25
      20
      15
      15
      22
      25
      18
      21
      25
      16
      19
      15
      19
      16
      23
      12
      21
       9
      20
      13
      12
      17
      17
      19
       8
      29
      17
      17
      14
      22
      20
      15
      11
      20
      14
      20
      20
      23
      14
      17
      21
      21
      21
      18
      19
      13
      23
      15
      19
      13
       9
      19
      21
      11
      16
      12
      19
      15
      19
      12
      27
      16
      22
      15
      18
      18
      30
      19
      12
      17
      14
      18
      24
      16
      13
      17
      17
      13
      19
      17
      10
      18
      12
      14
      13
      12
      24
      13
      20
      15
      16
      19
      15
      20
      14
      18
      17
      17
      12
      18
      11
      17
      20
      20
      16
      17
      16
      17
      13
      20
      18
      21
      15
      21
      17
      14
      12
      23
      19
      20
      13
      14
       8
      22
      17
      14
      17
      17
      22
      13
      14
      15
      22
      19
      11
      26
      13
      24
       9
      27
      14
      25
      15
      20
      12
      14
       8
      15
      17
      21
      18
      25
      20
      17
      18
      14
      22
      15
      12
      16
      18
      19
      17
      14
      15
      15
      19
      17
      30
      14
      20
      15
      10
      24
      17
      26
      27
      39
      38
      51
      69
      72
      92
      78
      77
      78
      70
      68
      58
      35
      31
      27
      21
      19
      23
      19
      15
      21
      21
      22
       9
      13
      18
      15
      20
      17
      10
      16
      17
      14
      16
      13
      18
      16
      14
      16
      17
      14
      15
      19
      11
      21
      14
      17
      15
      13
      17
      17
      15
      21
      13
      20
      10
      19
      15
      15
      25
      13
      17
      13
      21
      12
      17
      26
      18
      16
      11
      14
      14
      13
      15
      16
      15
      13
      23
      22
      14
      11
      21
      14
      18
      18
      20
      21
      13
      20
      19
      22
      23
      20
      16
      13
      14
       9
      20
      15
      15
      14
      12
      17
      26
      19
      16
      18
      11
      10
      20
      15
      13
      18
      15
      15
      14
      18
      15
      12
      16
       7
      18
      16
      14
      14
      12
      16
      21
      13
      11
      15
      12
      23
      20
      23
      23
      20
      33
      16
      16
      18
      20
      17
      13
      16
      17
      17
      25
      16
      17
      18
      23
      18
      24
      17
      28
      24
      20
      21
      19
      20
      14
      26
      20
      19
      26
      21
      20
      14
      20
      19
      13
      15
      15
      14
      18
      11
      18
      25
      19
      14
      16
      19
      14
      29
      15
      19
      17
      12
      19
      25
      19
      17
      22
      16
      23
       8
      17
      15
      11
      15
      20
      21
      17
      17
      16
      10
      12
      12
      23
      16
      13
      14
      14
      21
      26
      29
      15
      24
      23
      21
      21
      11
      23
      22
      15
      20
      15
      27
      23
      27
      20
      29
      22
      31
      24
      17
      36
      20
      19
      21
      22
      19
      18
      20
      17
      16
      21
      14
      18
       6
      29
      16
      15
      14
      13
      20
      14
      26
      21
      15
      18
      21
      19
      19
      19
      19
      17
      20
      24
      17
      21
      28
      14
      20
      12
      16
      23
      16
      18
      21
      25
      15
      15
      12
      19
      13
      17
      11
      26
      21
      16
      19
      10
      18
      18
      17
      13
      12
      16
      10
      22
      21
      16
      11
      15
      16
      19
      22
      17
      10
      24
      22
      27
      19
      15
      10
      20
      15
      16
      18
      14
      15
      20
      13
      22
      14
      24
      17
      18
      20
      19
      21
      24
      21
      17
      18
      13
      22
      16
      19
      18
      16
      21
      14
      21
      18
      19
      16
      16
      13
       7
      17
      20
       9
      15
      17
      15
      20
      20
      21
      14
      21
      26
      17
      18
      10
      23
      22
      22
      16
      26
      17
      19
      15
      12
      23
      19
      15
      22
      22
      16
      11
      15
      18
      20
      16
      15
      15
      14
      15
      18
      13
      18
      15
      16
      16
      28
      15
      21
      19
      26
      19
      19
      15
      21
      22
      21
      13
      22
      18
      20
      22
      21
      15
      17
      18
      24
      22
      17
      23
      13
      13
      16
      19
      20
      14
      18
      14
      22
      21
      20
      14
      19
      22
      15
      15
      20
      20
      14
       8
      26
      16
      17
      14
      28
      17
      20
      15
      14
      22
      16
      16
      16
      19
      14
      19
      22
      11
      20
      15
      17
      17
      16
      15
      24
      20
      19
      18
      12
      23
      24
      21
      18
      18
      21
       9
       7
      12
      23
      22
      18
      25
      16
      27
      19
      17
      16
      20
      11
      19
      19
      20
      19
      20
      12
      19
      15
      29
      20
      16
      26
      15
      17
      19
      25
      20
      28
      23
      28
      26
      32
      36
      28
      47
      40
      38
      46
      31
      40
      35
      28
      29
      23
      23
      18
      15
      15
      11
      18
      16
      16
      18
      17
      18
      13
      18
       7
      12
      17
      14
      17
      15
       6
      13
      16
      19
      14
      15
      13
      15
      13
      14
      16
      11
      20
      21
      20
      15
      16
      13
      11
      16
      17
      17
       9
      14
      21
      15
      20
      16
       7
      17
      12
      15
       8
       9
      19
       9
      17
      14
      15
      10
      16
      15
      13
      17
      20
      14
      12
      12
      11
      13
      16
      20
       7
      17
      18
      14
      18
      11
       4
      20
      10
      16
      22
      12
      19
      17
      14
      10
      18
      13
      15
      11
       7
       9
      10
      11
      14
      11
      11
      15
      13
      10
      15
      19
       5
      13
      11
      10
      17
      18
      11
      13
       8
      18
      10
      13
      18
      18
      17
       9
      20
       8
       7
       6
      14
      14
      21
      13
      11
      18
       8
      14
       7
      11
      18
      16
      13
      15
      11
      17
      18
       9
      13
      15
      17
      15
      14
      14
      10
      12
      10
      13
      11
      11
       6
      13
      16
       9
      13
      13
      15
      11
      11
      17
      12
      16
      12
       9
      15
      19
      16
      15
      20
      14
      13
      21
      18
      25
      20
      16
       9
      15
      12
      14
      15
      14
      13
      20
      18
       6
      15
      11
      11
      10
      14
       8
       8
      12
       9
       9
       9
      10
      10
      18
      14
      11
      16
       9
      13
       7
      11
       8
      14
      13
       9
      13
       6
       8
      23
      13
      13
      19
      19
      14
      14
      17
      17
      20
      40
      33
      44
      44
      36
      36
      46
      38
      33
      15
      28
      13
      19
      20
       9
      12
      12
       8
       5
       8
      11
       7
       5
      10
      10
       3
      14
      12
       9
      12
      10
       9
       9
      19
      13
      12
      11
      11
      13
      11
      13
       8
      12
      13
       4
       6
      13
      11
      12
      15
      16
      13
      15
       8
      10
      16
      12
       4
       5
      11
       9
      14
      15
      11
       8
      14
       9
      17
       8
      13
      16
       8
      15
      14
      10
       7
      20
       7
       7
      13
       9
      10
      15
       7
       8
       8
       7
       7
      14
      16
       7
      10
       9
       9
       9
      11
      11
      17
       7
      11
       4
      11
       8
      19
       8
       5
       8
       8
      10
      10
       7
       9
      10
       4
      10
       9
      21
       9
       5
      10
       8
      10
      13
      12
       4
       9
      15
       8
       9
       7
       7
       4
      10
       8
      13
       7
       8
      10
       8
       7
       4
      11
      12
       4
      17
       6
       7
       8
       7
      10
      11
      10
      12
      10
      10
       9
      11
      10
      10
       8
       9
       3
      18
       8
       8
      14
      11
      12
      13
      13
      18
      15
      20
      20
      17
      16
      12
      13
      14
      15
      12
      11
      14
       9
       8
       7
       7
       7
       8
       4
      10
       5
       5
      15
       9
       7
       6
      13
      10
       8
      12
       7
       5
       5
      10
      13
       8
       5
       4
      11
      16
       6
       8
       9
      10
       6
       4
       9
      11
       8
      10
       4
       6
       7
       3
       8
       3
       4
       6
       8
       9
      10
       6
       8
       9
       5
       7
      13
       7
      12
       6
      10
      11
       6
       8
       3
      12
       6
      15
      12
      11
       5
       6
       8
       8
       9
       3
      11
       6
       3
       7
       8
       9
       7
       7
       5
       4
       5
       7
       7
       7
       3
       5
       8
      10
       4
      10
       7
       9
      10
       8
       4
       1
       8
      12
      11
      10
       3
      10
       4
      10
       7
       5
       3
       8
       4
       3
       6
       5
       4
      13
       5
       9
       8
       8
       7
       7
       8
       7
       2
       9
       9
       3
      10
       4
      10
       9
       5
      11
       5
       5
       7
       7
      10
       3
      11
      11
       5
      14
       5
       6
       8
       9
       6
       8
       9
       5
       8
       7
       8
       7
       8
       6
       4
       8
       5
      11
      11
       9
       5
       4
       6
       8
       6
       7
       7
       8
       8
       5
      16
      12
      10
       9
      19
      23
      17
      14
      23
      24
      25
      17
      11
      20
      11
      14
      12
      11
      10
       4
       7
       6
       3
      10
       6
       9
       9
       9
       7
       7
      11
       9
       7
       6
       8
       9
       5
      11
       7
       6
      14
       8
       4
      14
      12
       8
       3
       8
       6
       4
      12
       8
       4
       4
       9
       7
       7
       3
       5
       3
      10
      10
      12
       5
      10
      10
       7
       7
       6
       9
       6
       6
       9
       5
       6
       8
      10
       7
       4
      10
       5
       2
       2
      13
       4
       9
       8
      10
       6
       4
       7
       8
       3
       6
       5
       2
       5
       7
       3
       3
      10
       6
       6
       9
      11
      10
       6
       8
      14
      10
      14
      14
      13
      20
      10
      11
      16
       4
       6
       5
       9
       5
       4
       1
       2
       4
       6
       4
      10
       5
      10
       5
       9
      10
      12
      12
      12
      13
      21
      11
      13
      19
      15
      15
       1
       9
      10
      10
       3
       6
       7
       3
       4
       8
       2
      10
       8
       7
       7
       8
       4
       6
       3
       8
       6
       6
       8
       4
       6
       9
       6
       4
       6
      10
       6
       9
       9
       6
       4
       9
       7
      12
       9
       7
      11
       3
       9
      15
       5
       7
       5
       4
       6
       8
       4
      11
       7
      14
       6
       7
       7
       5
       7
       6
       6
       7
       4
       9
       6
       5
       5
       8
       5
      11
       4
       7
       5
       6
       8
       5
       5
       5
       6
       6
       6
       5
       5
       5
       6
       8
       5
       9
       2
      10
       9
       8
      12
       9
       3
       5
       8
       6
       6
       5
       4
       5
      11
       6
       3
       3
       2
       5
       2
       5
       6
       6
       8
       8
       5
       7
       6
       8
       6
       3
       5
       5
       6
       9
       6
       2
       2
       5
       7
       8
       8
       8
       3
       4
       5
       3
       3
       5
       8
       7
      10
       4
       7
       8
       4
       5
       3
       5
       6
       5
      10
       9
       6
       4
       5
       7
      11
      10
       9
      12
       6
       4
       7
       5
      11
      10
       5
      11
       7
       4
      10
       7
       5
       9
       6
       8
      10
       2
       6
       7
       7
       2
       3
       6
       5
       5
       6
       6
       6
       7
       6
      10
       4
       8
       5
       8
       8
       4
       7
       8
       4
      10
       8
       8
       9
      13
      10
       8
      17
      23
      29
      41
      68
      89
     107
     172
     209
     312
     399
     463
     610
     683
     719
     814
     744
     672
     613
     511
     416
     319
     195
     130
      81
      54
      31
      22
      13
       8
       4
       3
       3
       5
       9
       6
       4
       4
       4
       0
       4
       1
       4
       5
       5
       2
       6
       3
       4
       6
       3
       9
       5
       4
       6
       0
       2
       1
       3
       3
       4
       2
       4
       4
       2
       3
       2
       4
       7
       5
       3
       6
       1
       4
       2
       5
       6
       2
       5
       4
       4
       4
       5
       2
       4
       0
       1
       2
       4
       1
       6
       3
       9
       3
       3
       5
       3
       3
       2
       3
       8
       8
       5
       4
       4
       1
       2
       0
       2
       5
       3
       3
       3
       2
       1
       2
       5
       1
       2
       0
       3
       4
       1
       6
       2
       2
       3
       5
       2
       3
       3
       2
       1
       4
       4
       3
       4
       5
       1
       5
       3
       1
       2
       2
       2
       4
       2
       6
       6
       3
       4
       4
       2
       5
       1
       6
       6
       5
       4
       4
       9
      10
       3
       6
       5
       3
       7
       6
       7
       5
       2
       3
       2
       6
       6
       6
       3
       1
       5
       3
       4
       3
       3
       4
       5
       1
       8
       8
       2
       5
      10
       4
       2
       7
       6
       2
       4
       2
       3
       1
       5
       1
       4
       4
       5
       4
       1
       3
       3
       3
       1
       4
       1
       1
       3
       1
       8
       8
       5
       6
       7
      10
      15
      12
      11
      15
       8
       7
       8
       8
       4
       7
       7
       2
       1
       4
       4
       7
       3
       5
       7
       7
       6
       6
       2
       5
       3
       1
       2
       1
       5
       5
       3
       2
       1
       4
       3
       5
       2
       2
       2
       2
       2
       3
       4
       3
       5
       3
       2
       3
       2
       2
       7
       3
       2
       5
       1
       3
       3
       5
       2
       3
       9
       1
       3
       4
       4
       3
       4
       3
       2
       4
       3
       2
       4
       6
       3
       2
       4
       7
       5
       1
       3
       7
       4
       1
       4
       0
       3
       1
       4
       2
       3
       4
       5
       3
       1
       2
       2
       3
       3
       4
       5
       4
       4
       3
       3
       5
       1
       2
       4
       5
       6
       1
       6
       2
       2
       6
       0
       3
       1
       1
       3
       2
       4
       4
       3
       4
       2
       4
       3
       4
       4
       5
       3
       8
       3
       2
       5
       4
       1
       3
       2
       1
       6
       1
       2
       2
       3
       5
       1
       5
       7
       8
       6
       2
       2
       3
       4
       4
       3
       4
       2
       1
       5
       4
       2
       5
       3
       4
       5
       3
       1
       0
       3
       2
       6
       2
       4
       3
       1
       3
       1
       4
       2
       2
       4
       0
       4
       0
       5
       6
       2
       2
       1
       5
       4
       2
       3
       3
       2
       1
       1
       4
       4
       5
       5
       0
       3
       1
       3
       2
       0
       2
       4
       1
       2
       2
       1
       2
       2
       0
       4
       4
       4
       3
       1
       2
       7
       2
       3
       3
       0
       5
       1
       2
       4
       1
       1
       2
       2
       2
       6
       3
       2
       3
       3
       1
       4
       2
       3
       2
       1
       0
       2
       2
       1
       2
       1
       2
       2
       3
       2
       0
       2
       3
       2
       2
       1
       5
       3
       4
       4
       1
       3
       3
       3
       3
       1
       2
       4
       3
       3
       3
       5
       0
       3
       3
       3
       3
       2
       0
       2
       3
       4
       0
       3
       1
       4
       1
       1
       4
       1
       1
       3
       2
       4
       5
       3
       4
       4
       5
       5
       6
       8
       3
       4
       3
       4
       3
       4
       0
       5
       4
       3
       5
       5
       4
       3
       7
       5
       1
       3
       1
       3
       3
       7
       2
       8
       6
       3
       6
      10
      16
      10
      14
      13
       8
       8
       6
      11
       5
       8
       4
       3
       3
       3
       6
       6
       9
       7
       6
       5
       7
       2
       7
       7
       7
       6
       4
       4
       3
       3
       4
       3
       5
       4
       1
       4
       4
       5
       1
       3
       3
       3
       2
       1
       3
       3
       2
       5
       4
       4
       4
       2
       3
       3
       3
       2
       2
       2
       3
       1
       2
       2
       2
       1
       3
       1
       3
       4
       2
       1
       1
       3
       1
       5
       3
       0
       4
       2
       1
       6
       2
       2
       2
       3
       3
       3
       2
       2
       4
       3
       1
       3
       2
       4
       2
       2
       2
       3
       4
       2
       6
       3
       5
       2
       2
       3
       0
       2
       2
       0
       1
       3
       2
       2
       3
       2
       3
       1
       1
       1
       1
       2
       1
       2
       1
       2
       2
       5
       2
       3
       4
       2
       3
       1
       4
       4
       5
       5
       2
       4
       9
       3
       2
      10
       7
       6
       3
       4
       5
       3
       2
       3
       3
       2
       0
       3
       0
       3
       3
       6
       2
       0
       1
       3
       2
       2
       2
       1
       3
       4
       4
       3
       2
       1
       3
       3
       2
       1
       3
       6
       5
       5
       3
       3
       6
      13
       3
      11
       7
       7
       1
       0
       2
       3
       4
       4
       3
       3
       1
       1
       1
       2
       1
       5
       3
       0
       2
       1
       3
       2
       2
       0
       4
       4
       1
       4
       4
       1
       6
       7
       2
       1
       3
       2
       6
       2
       0
       3
       3
       2
       1
       5
       2
       2
       1
       1
       1
       4
       4
       0
       0
       4
       1
       2
       2
       2
       1
       2
       4
       5
       3
       0
       1
       1
       2
       1
       1
       2
       2
       4
       2
       1
       2
       5
       1
       2
       0
       1
       3
       3
       0
       2
       3
       2
       1
       0
       6
       3
       0
       1
       2
       1
       1
       2
       3
       1
       1
       3
       3
       1
       0
       3
       3
       2
       0
       5
       2
       2
       3
       0
       1
       3
       1
       3
       4
       1
       0
       1
       2
       3
       3
       2
       4
       5
       4
       2
       7
       3
       5
      11
       6
      10
       5
       1
       5
       3
       1
       4
       2
       1
       2
       1
       3
       3
       1
       4
       3
       0
       2
       0
       1
       2
       3
       7
       3
       1
       4
       0
       3
       2
       1
       2
       1
       2
       0
       2
       5
       1
       0
       2
       1
       0
       4
       2
       1
       1
       1
       0
       3
       6
       3
       2
       0
       1
       3
       3
       2
       0
       0
       3
       1
       1
       2
       1
       3
       5
       1
       2
       2
       2
       3
       2
       1
       7
       2
       2
       2
       2
       3
       2
       1
       2
       0
       2
       2
       1
       1
       1
       1
       4
       1
       3
       2
       0
       3
       6
       1
       2
       2
       2
       4
       5
       3
       4
       1
       2
       2
       2
       2
       0
       1
       2
       1
       4
       4
       4
       2
       3
       3
       1
       1
       1
       4
       5
       2
       2
       2
       1
       3
       2
       1
       0
       0
       3
       4
       2
       1
       3
       4
       5
       2
       2
       2
       0
       2
       2
       5
       1
       2
       3
       2
       2
       3
       1
       2
       1
       2
       2
       3
       3
       2
       2
       4
       4
       1
       1
       3
       0
       2
       0
       2
       2
       5
       3
       2
       3
       0
       2
       3
       0
       1
       1
       2
       2
       1
       4
       1
       3
       4
       3
       1
       0
       1
       3
       0
       1
       0
       1
       2
       1
       1
       1
       2
       1
       1
       4
       3
       8
       3
       3
       3
       0
       2
       0
       3
       1
       3
       2
       2
       3
       1
       2
       1
       2
       2
       0
       2
       2
       0
       2
       0
       1
       2
       5
       2
       2
       2
       2
       0
       3
       0
       1
       1
       2
       0
       3
       1
       2
       2
       2
       1
       4
       2
       3
       0
       0
       1
       2
       3
       1
       1
       2
       1
       1
       0
       0
       4
       3
       1
       2
       0
       1
       3
       1
       1
       0
       1
       2
       0
       2
       5
       1
       4
       5
       5
       5
       1
       4
      13
       6
      12
      14
       8
      10
      17
      18
      10
      14
       4
      10
       5
       5
       4
       4
       0
       2
       1
       1
       0
       1
       0
       1
       0
       2
       2
       2
       1
       3
       3
       2
       1
       2
       4
       3
       2
       4
       1
       0
       1
       2
       3
       3
       3
       2
       1
       4
       0
       4
       0
       1
       2
       0
       2
       3
       1
       0
       1
       2
       3
       1
       4
       2
       2
       2
       1
       2
       3
       0
       2
       3
       1
       2
       1
       0
       1
       4
       2
       0
       1
       1
       1
       2
       0
       2
       2
       4
       2
       0
       1
       0
       1
       3
       3
       0
       1
       1
       1
       1
       2
       1
       1
       2
       3
       0
       0
       0
       2
       1
       2
       2
       0
       2
       3
       1
       0
       1
       0
       2
       3
       2
       6
       2
       1
       4
       4
       1
       1
       2
       2
       2
       4
       2
       1
       1
       1
       2
       2
       6
       2
       2
       4
      10
       4
       6
      16
      12
      22
      18
      14
      32
      41
      51
      52
      46
      50
      42
      47
      37
      34
      39
      25
      13
      15
       7
       4
       7
       4
       1
       0
       1
       2
       3
       4
       1
       1
       1
       3
       0
       3
       4
       1
       1
       0
       2
       1
       2
       3
       1
       1
       5
       2
       2
       2
       0
       0
       0
       1
       2
       1
       2
       3
       0
       2
       4
       2
       0
       4
       2
       3
       2
       0
       1
       0
       4
       1
       3
       4
       1
       3
       4
       5
       2
       0
       0
       4
       1
       3
       1
       1
       0
       2
       1
       4
       1
       3
       2
       3
       1
       4
       3
       2
       1
       2
       0
       2
       1
       1
       2
       1
       1
       0
       0
       2
       2
       2
       1
       3
       1
       2
       3
       2
       3
       5
       1
       4
       0
       0
       2
       1
       4
       3
       2
       2
       4
       2
       2
       2
       0
       0
       3
       4
       1
       1
       2
       2
       1
       0
       1
       2
       3
       7
       0
       1
       4
       0
       4
       0
       2
       3
       3
       0
       2
       3
       1
       2
       4
       2
       3
       0
       1
       1
       2
       1
       1
       1
       3
       2
       3
       2
       1
       2
       1
       0
       1
       1
       0
       0
       2
       1
       0
       2
       1
       4
       4
       1
       2
       3
       3
       0
       1
       1
       2
       0
       4
       2
       1
       3
       4
       3
       1
       1
       0
       3
       1
       1
       2
       0
       2
       2
       2
       1
       2
       2
       1
       0
       1
       1
       2
       3
       4
       1
       4
       3
       1
       3
       2
       1
       2
       4
       2
       1
       4
       4
       0
       1
       1
       1
       2
       3
       1
       0
       3
       1
       1
       2
       2
       4
       1
       3
       1
       1
       2
       0
       2
       1
       0
       2
       2
       1
       0
       0
       0
       1
       1
       5
       4
       4
       2
       1
       0
       1
       0
       0
       1
       1
       2
       0
       2
       1
       5
       1
       2
       0
       3
       1
       1
       2
       1
       1
       2
       1
       0
       0
       3
       2
       2
       0
       2
       0
       2
       1
       4
       3
       2
       1
       1
       6
       0
       0
       1
       2
       4
       2
       1
       1
       0
       2
       2
       2
       4
       2
       0
       5
       3
       2
       2
       2
       2
       1
       1
       2
       2
       2
       3
       1
       2
       1
       0
       4
       1
       1
       3
       4
       1
       3
       2
       3
       2
       2
       2
       3
       4
       3
       3
       3
       5
       7
       8
       4
       4
       5
       6
       4
      10
      11
       7
       1
       3
       1
       4
       1
       1
       2
       1
       4
       1
       1
       3
       1
       2
       1
       3
       0
       0
       0
       4
       2
       2
       3
       1
       2
       1
       0
       2
       3
       6
       2
       2
       2
       1
       1
       2
       3
       1
       1
       2
       1
       2
       1
       1
       3
       1
       2
       3
       1
       0
       1
       3
       1
       1
       1
       4
       3
       1
       3
       2
       3
       2
       3
       1
       1
       1
       1
       0
       2
       3
       4
       2
       3
       1
       0
       2
       4
       1
       2
       1
       4
       7
       2
       0
       0
       0
       0
       0
       0
       0
       0
       0
       0
       0
       0
       0
       0
       0
       0
       0
       0
       0
       0
       0
       0
       0
       0
       0
       0
       0
       0
       0
       0
       0
       0
       0
       0
       0
       0
       0
       0
       0
       0
       0
       0
       0
       0
       0
       0
       0
       0
       0
       0
       0
       0
       0
       0
       0
       0
       0
       0
       0
       0
       0
       0
       0
       0
       0
       0
       0
       0
       0
       0
       0
       0
       0
       0
       0
       0
       0
       0
       0
       0
       0
       0
       0
       0
       0
       0
       0
       0
       0
       0
       0
       0
       0
       0
       0
       0
       0
       0
       0
       0
       0
       0
       0
       0
       0
       0
       0
       0
       0
       0
       0
       0
       0
       0
       0
       0
       0
       0
       0
       0
       0
       0
       0
       0
       0
       0
       0
       0
$ROI:
1
6231 6419
$PRESETS:
Live Time
5400
0
$ENER_FIT:
0.000000 0.231538
$MCA_CAL:
3
0.000000E+000 2.315376E-001 0.000000E+000 keV
$SHAPE_CAL:
3
1.035860E+001 0.000000E+000 0.000000E+000
