$SPEC_ID:
No sample description was entered.
$SPEC_REM:
DET# 1
DETDESC# NOISEPC Easy-MCA-8k SN 12310217
AP# Maestro Version 7.01
$DATE_MEA:
06/15/2022 18:03:32
$MEAS_TIM:
295 450
$DATA:
0 8191
       0
       0
       0
       0
       0
       0
       0
       0
       0
       0
       0
       0
       0
       0
       0
       0
       0
       0
       0
       0
       0
       0
       0
       0
       0
       0
       0
       0
       0
       0
       0
       0
       0
       0
       0
       0
       0
       0
       0
       0
       0
       0
       0
       0
       0
       0
       0
       0
       0
       0
       0
       0
       0
       0
       0
       0
       0
       0
       0
       2
       6
       9
      16
      38
      51
     106
     533
    4853
    7700
    7592
    7483
    7620
    7221
    7097
    7058
    6844
    6880
    6915
    6923
    6839
    6636
    6574
    6591
    6409
    6592
    6529
    6458
    6456
    6262
    6225
    6397
    6133
    6202
    6167
    6198
    6051
    5899
    5902
    6191
    6076
    5884
    5841
    5915
    5808
    5818
    5783
    5795
    5646
    5633
    5717
    5762
    5597
    5726
    5606
    5597
    5490
    5560
    5512
    5383
    5361
    5495
    5271
    5466
    5327
    5260
    5274
    5302
    5418
    5356
    5356
    5216
    5177
    5175
    5239
    5224
    5173
    5246
    5065
    5127
    5105
    5225
    5103
    5164
    5023
    5029
    5086
    5069
    5126
    4911
    4986
    4994
    5085
    4989
    5025
    4986
    4944
    4845
    4941
    4998
    4864
    4965
    4892
    4944
    4945
    4759
    5015
    4821
    4918
    4736
    4911
    4827
    4821
    4682
    4917
    4810
    4734
    4779
    4684
    4724
    4830
    4706
    4741
    4759
    4643
    4850
    4840
    4808
    4646
    4682
    4774
    4745
    4612
    4618
    4676
    4572
    4644
    4631
    4566
    4718
    4565
    4641
    4535
    4613
    4670
    4769
    4568
    4656
    4534
    4611
    4647
    4632
    4592
    4638
    4709
    4564
    4501
    4705
    4592
    4755
    4617
    4686
    4713
    4715
    4653
    4510
    4673
    4659
    4629
    4709
    4827
    4709
    4691
    4662
    4822
    4691
    4805
    4900
    4929
    4894
    4913
    4854
    4880
    4984
    4836
    4872
    5017
    5181
    4943
    5121
    5290
    5219
    5400
    5355
    5214
    5392
    5471
    5708
    5534
    5698
    5722
    5813
    5775
    5922
    6122
    6181
    6222
    6379
    6494
    6382
    6675
    6826
    7055
    6938
    7325
    7312
    7452
    7679
    7746
    8072
    8170
    8279
    8553
    8722
    8993
    9016
    9483
    9744
    9851
   10047
   10438
   10621
   10650
   11085
   11108
   11670
   12024
   11920
   12476
   12898
   12987
   12976
   13298
   13183
   13378
   13681
   13451
   13253
   13397
   13365
   12878
   12538
   12443
   12255
   11912
   11453
   11012
   10401
   10205
    9825
    9192
    8959
    8528
    8039
    7639
    7172
    6876
    6460
    6215
    6116
    5804
    5365
    5338
    5082
    4936
    4873
    4784
    4477
    4423
    4306
    4266
    4288
    4395
    4277
    4134
    4222
    4028
    4167
    4116
    4072
    4075
    4011
    4058
    4092
    4133
    3998
    3934
    4024
    4088
    4197
    4051
    4161
    4093
    4148
    4123
    4065
    3987
    4175
    4036
    4089
    4157
    3926
    4090
    4185
    4111
    4100
    4034
    4117
    3999
    3906
    4104
    4114
    4073
    4098
    4133
    3985
    4175
    4179
    4147
    4030
    3982
    4057
    4185
    4183
    4132
    4144
    4128
    4216
    4123
    4211
    4187
    4166
    4159
    4154
    4232
    4213
    4224
    4148
    4122
    4200
    4098
    4148
    4099
    4160
    4179
    4204
    4099
    4212
    4265
    4144
    4246
    4182
    4233
    4262
    4090
    4240
    4113
    4168
    4208
    4185
    4193
    4291
    4227
    4265
    4283
    4307
    4262
    4321
    4444
    4295
    4267
    4306
    4227
    4183
    4303
    4391
    4341
    4277
    4368
    4364
    4300
    4283
    4344
    4269
    4327
    4344
    4375
    4484
    4285
    4384
    4374
    4456
    4463
    4434
    4380
    4542
    4391
    4564
    4322
    4511
    4543
    4525
    4517
    4418
    4484
    4478
    4498
    4568
    4540
    4625
    4638
    4583
    4575
    4539
    4614
    4510
    4744
    4722
    4733
    4643
    4686
    4755
    4721
    4750
    4745
    4734
    4686
    4738
    4772
    4779
    4799
    4853
    4873
    4811
    4922
    4908
    4915
    4846
    4983
    4974
    4878
    4906
    5113
    5181
    4883
    5107
    5071
    4961
    5022
    4959
    5017
    5039
    5075
    5048
    5096
    5142
    5180
    5313
    5183
    5186
    5114
    5035
    5325
    5229
    5209
    5326
    5310
    5301
    5360
    5520
    5317
    5354
    5445
    5438
    5395
    5570
    5511
    5541
    5555
    5577
    5447
    5624
    5626
    5614
    5724
    5615
    5837
    5677
    5753
    5643
    5708
    5922
    5754
    5842
    5799
    5916
    5806
    6026
    5908
    5893
    6022
    6012
    6002
    6119
    6073
    6231
    6118
    6064
    6177
    6146
    6124
    6228
    6172
    6253
    6194
    6329
    6345
    6319
    6386
    6312
    6349
    6316
    6353
    6368
    6451
    6278
    6408
    6165
    6257
    6261
    6240
    6208
    6165
    6182
    6068
    6187
    5883
    5865
    5977
    5947
    5990
    5772
    5944
    5958
    5816
    5755
    5683
    5730
    5660
    5707
    5803
    5654
    5606
    5635
    5472
    5548
    5655
    5633
    5656
    5493
    5563
    5532
    5644
    5533
    5488
    5595
    5644
    5501
    5546
    5533
    5505
    5457
    5478
    5476
    5594
    5418
    5575
    5640
    5451
    5441
    5553
    5605
    5574
    5593
    5486
    5507
    5466
    5514
    5579
    5620
    5659
    5712
    5647
    5681
    5538
    5547
    5539
    5635
    5588
    5806
    5610
    5641
    5596
    5709
    5636
    5607
    5546
    5646
    5721
    5641
    5750
    5529
    5735
    5629
    5711
    5668
    5649
    5607
    5691
    5591
    5619
    5838
    5728
    5577
    5723
    5704
    5558
    5692
    5603
    5634
    5771
    5607
    5733
    5763
    5776
    5744
    5765
    5806
    5729
    5799
    5790
    5651
    5813
    5699
    5793
    5755
    5628
    5766
    5774
    5874
    5909
    5745
    5715
    5631
    5803
    5751
    5772
    5623
    5832
    5718
    5741
    5704
    5558
    5621
    5706
    5577
    5492
    5788
    5677
    5587
    5626
    5540
    5568
    5540
    5609
    5505
    5584
    5496
    5510
    5574
    5434
    5346
    5255
    5345
    5334
    5279
    5240
    5100
    5172
    5126
    5067
    5095
    4970
    5090
    4906
    4947
    4923
    4732
    4947
    4790
    4829
    4722
    4626
    4613
    4680
    4742
    4579
    4672
    4599
    4543
    4545
    4458
    4409
    4526
    4511
    4477
    4442
    4330
    4388
    4356
    4451
    4431
    4434
    4452
    4334
    4336
    4355
    4366
    4351
    4416
    4281
    4435
    4305
    4337
    4380
    4411
    4528
    4365
    4503
    4214
    4485
    4422
    4480
    4520
    4584
    4539
    4336
    4394
    4352
    4293
    4376
    4344
    4401
    4296
    4405
    4255
    4145
    4107
    4145
    4031
    4097
    4076
    4006
    4013
    3777
    4041
    3787
    3925
    3907
    3737
    3746
    3743
    3864
    3618
    3698
    3592
    3628
    3761
    3528
    3477
    3456
    3511
    3555
    3402
    3445
    3450
    3431
    3472
    3487
    3466
    3460
    3429
    3372
    3355
    3448
    3385
    3343
    3277
    3421
    3282
    3295
    3227
    3240
    3293
    3296
    3183
    3207
    3283
    3332
    3208
    3241
    3275
    3220
    3190
    3235
    3139
    3189
    3202
    3235
    3170
    3154
    3125
    3193
    3078
    3198
    3076
    3082
    3120
    3178
    3135
    3094
    3016
    3094
    3125
    3127
    3089
    3078
    3124
    3185
    3100
    2981
    3065
    2980
    3119
    3095
    3112
    3089
    3106
    2997
    3012
    2988
    2955
    3089
    2998
    3060
    3110
    3038
    3063
    2905
    3002
    3050
    3030
    3094
    3117
    3037
    3131
    2978
    3024
    3073
    3029
    3073
    3124
    3192
    3107
    3124
    3056
    3122
    3148
    3178
    3101
    3104
    3246
    3222
    3255
    3300
    3267
    3285
    3431
    3361
    3454
    3424
    3558
    3510
    3542
    3530
    3730
    3695
    3954
    3886
    3957
    4065
    4080
    4303
    4164
    4382
    4382
    4635
    4650
    4709
    4993
    4961
    5161
    5315
    5328
    5575
    5736
    6076
    6093
    6042
    6436
    6542
    6699
    6893
    7156
    7384
    7497
    7743
    8043
    8348
    8552
    8696
    8909
    9328
    9293
    9668
    9735
    9955
    9899
   10160
   10157
   10174
    9838
    9975
    9771
    9571
    9454
    9322
    9015
    8677
    8423
    8162
    7688
    7456
    7180
    6652
    6555
    6176
    5805
    5581
    5354
    5097
    4793
    4526
    4411
    4197
    4163
    4050
    3925
    3948
    3867
    3707
    3662
    3652
    3645
    3687
    3651
    3708
    3690
    3741
    3795
    3873
    3897
    3967
    4074
    4081
    4149
    4386
    4502
    4498
    4711
    4726
    4920
    5156
    5335
    5396
    5500
    5858
    5997
    6220
    6464
    6620
    6890
    7099
    7468
    7791
    8158
    8217
    8647
    9141
    9479
    9779
   10143
   10601
   11129
   11504
   12080
   12582
   13150
   13507
   14039
   14308
   14735
   15463
   16113
   16903
   17533
   18223
   18626
   19253
   19814
   20046
   20553
   20988
   20845
   20728
   20773
   20834
   20329
   20189
   19445
   19159
   18593
   18109
   17436
   16684
   15533
   14724
   14078
   13097
   12160
   11244
   10755
   10016
    9093
    8448
    7764
    7051
    6556
    6156
    5615
    5312
    4780
    4437
    4260
    3899
    3736
    3583
    3328
    3231
    3177
    3006
    2987
    2773
    2806
    2814
    2582
    2605
    2541
    2557
    2570
    2627
    2545
    2574
    2535
    2519
    2618
    2592
    2490
    2650
    2505
    2545
    2446
    2446
    2418
    2421
    2502
    2480
    2425
    2456
    2530
    2532
    2456
    2491
    2499
    2390
    2425
    2416
    2455
    2458
    2465
    2543
    2509
    2476
    2438
    2535
    2412
    2436
    2459
    2445
    2421
    2522
    2504
    2459
    2397
    2435
    2447
    2454
    2503
    2483
    2487
    2554
    2458
    2567
    2572
    2609
    2579
    2541
    2655
    2639
    2594
    2711
    2578
    2733
    2727
    2857
    2751
    2828
    2984
    3060
    2966
    3189
    3052
    3126
    3403
    3289
    3413
    3513
    3555
    3655
    3898
    3779
    4049
    4061
    4294
    4491
    4459
    4518
    4636
    4926
    5148
    5411
    5712
    5707
    6119
    6248
    6586
    6941
    7163
    7535
    7902
    8375
    8778
    9172
    9462
   10205
   10514
   11166
   11874
   12549
   12982
   13610
   14354
   15114
   16132
   16815
   17994
   18680
   19901
   20758
   21914
   22717
   24160
   25387
   26635
   28074
   29324
   30897
   32592
   33825
   35468
   37168
   38806
   40084
   42077
   44082
   45972
   48291
   49320
   51399
   53423
   54234
   55577
   56839
   57174
   58223
   58117
   58151
   58017
   57230
   56050
   55165
   53325
   51761
   50177
   48044
   45286
   42626
   40497
   37598
   35276
   32585
   29947
   27403
   25258
   22631
   20613
   18520
   16837
   14960
   13417
   12012
   10730
    9444
    8364
    7720
    6924
    6272
    5698
    5085
    4838
    4426
    3982
    3879
    3432
    3414
    3189
    3159
    2994
    3001
    2989
    2905
    2899
    2917
    2856
    2993
    2991
    2956
    3031
    3071
    3056
    3210
    3165
    3340
    3252
    3408
    3260
    3406
    3555
    3676
    3678
    3817
    3739
    3968
    4048
    4164
    4204
    4379
    4404
    4705
    4840
    4939
    5054
    5415
    5490
    5572
    5896
    5993
    6337
    6566
    6673
    6979
    7153
    7223
    7662
    7836
    8022
    8424
    8611
    8794
    9111
    9293
    9392
    9658
    9685
    9978
   10017
    9901
    9768
    9623
    9342
    9347
    9053
    8746
    8433
    8357
    7880
    7531
    7144
    6835
    6458
    6004
    5561
    5195
    4911
    4555
    4142
    3977
    3650
    3443
    3203
    3007
    2756
    2578
    2422
    2366
    2128
    2120
    1900
    2011
    1798
    1834
    1734
    1677
    1640
    1632
    1531
    1510
    1564
    1515
    1557
    1512
    1532
    1410
    1537
    1456
    1514
    1465
    1547
    1461
    1375
    1448
    1462
    1434
    1433
    1433
    1415
    1458
    1400
    1366
    1426
    1401
    1410
    1485
    1324
    1355
    1331
    1389
    1399
    1317
    1296
    1267
    1297
    1378
    1347
    1361
    1343
    1342
    1338
    1362
    1320
    1345
    1292
    1298
    1273
    1316
    1293
    1289
    1266
    1301
    1321
    1198
    1334
    1296
    1326
    1233
    1283
    1237
    1260
    1283
    1284
    1251
    1262
    1283
    1295
    1268
    1189
    1260
    1244
    1247
    1264
    1290
    1257
    1314
    1242
    1217
    1311
    1279
    1286
    1275
    1249
    1274
    1301
    1235
    1298
    1230
    1220
    1311
    1199
    1306
    1286
    1327
    1298
    1342
    1310
    1305
    1276
    1353
    1314
    1293
    1328
    1359
    1340
    1329
    1328
    1323
    1328
    1426
    1428
    1464
    1465
    1444
    1436
    1466
    1464
    1508
    1474
    1493
    1544
    1614
    1617
    1591
    1636
    1705
    1568
    1738
    1743
    1787
    1670
    1767
    1829
    1815
    1878
    1870
    1956
    2043
    2061
    1988
    2020
    2038
    2123
    2120
    2153
    2108
    2061
    2091
    2178
    2076
    2024
    2099
    2088
    2016
    2012
    1938
    1988
    1891
    1863
    1725
    1752
    1673
    1653
    1604
    1489
    1481
    1333
    1351
    1287
    1295
    1246
    1294
    1151
    1130
    1102
     992
    1080
    1015
    1014
     998
     953
     924
     956
     997
     921
     945
     930
     890
     865
     865
     904
     905
     851
     858
     850
     849
     889
     849
     838
     943
     880
     878
     803
     903
     913
     896
     870
     812
     864
     832
     825
     845
     904
     857
     843
     850
     813
     803
     872
     853
     829
     873
     848
     828
     872
     856
     865
     816
     838
     803
     790
     854
     792
     865
     749
     847
     796
     796
     866
     806
     859
     796
     810
     841
     795
     806
     795
     883
     781
     855
     768
     780
     813
     796
     740
     797
     751
     783
     768
     759
     755
     796
     794
     755
     803
     783
     764
     777
     779
     814
     749
     783
     727
     758
     711
     700
     754
     732
     718
     756
     747
     687
     753
     714
     722
     777
     744
     760
     768
     748
     753
     740
     688
     723
     736
     755
     722
     752
     705
     741
     720
     688
     768
     722
     669
     719
     753
     750
     695
     726
     707
     698
     701
     722
     710
     712
     732
     701
     706
     714
     738
     703
     727
     742
     688
     677
     674
     721
     742
     689
     733
     701
     693
     710
     675
     645
     683
     702
     696
     703
     666
     672
     657
     685
     669
     712
     702
     737
     692
     653
     716
     656
     693
     670
     649
     673
     669
     660
     703
     729
     686
     677
     654
     657
     660
     691
     655
     647
     690
     659
     693
     695
     655
     641
     619
     652
     637
     655
     708
     684
     652
     647
     683
     647
     630
     658
     657
     636
     660
     639
     655
     597
     655
     644
     621
     646
     612
     623
     626
     621
     657
     647
     678
     670
     642
     657
     581
     635
     678
     628
     658
     673
     657
     627
     643
     585
     649
     644
     667
     587
     630
     604
     617
     601
     620
     613
     601
     560
     599
     605
     565
     550
     576
     604
     604
     608
     604
     599
     565
     592
     577
     603
     599
     572
     601
     579
     609
     584
     571
     574
     580
     589
     576
     591
     589
     552
     584
     576
     529
     543
     535
     560
     551
     557
     580
     550
     530
     542
     572
     561
     564
     543
     527
     572
     558
     567
     552
     579
     580
     551
     578
     558
     597
     589
     542
     519
     536
     537
     591
     523
     582
     524
     564
     566
     504
     484
     521
     561
     538
     503
     524
     504
     520
     527
     528
     537
     570
     547
     516
     534
     550
     540
     541
     489
     513
     570
     535
     509
     516
     514
     554
     560
     540
     484
     540
     497
     512
     524
     496
     523
     487
     486
     523
     493
     517
     572
     509
     503
     520
     502
     538
     507
     491
     515
     522
     507
     508
     482
     505
     514
     458
     514
     473
     472
     536
     492
     522
     509
     449
     501
     521
     481
     473
     498
     489
     500
     461
     465
     507
     457
     483
     442
     470
     461
     443
     491
     486
     468
     478
     470
     467
     464
     501
     506
     470
     476
     454
     468
     440
     432
     474
     483
     475
     440
     470
     501
     490
     450
     452
     467
     435
     460
     467
     476
     462
     448
     424
     453
     480
     439
     437
     483
     484
     454
     443
     435
     435
     471
     441
     447
     442
     435
     435
     446
     402
     418
     480
     478
     459
     469
     453
     470
     441
     466
     449
     478
     436
     432
     490
     430
     456
     413
     477
     451
     406
     480
     450
     442
     454
     463
     420
     403
     438
     474
     446
     402
     454
     475
     451
     446
     409
     431
     450
     426
     416
     404
     430
     445
     399
     412
     432
     409
     409
     421
     415
     412
     393
     406
     368
     426
     389
     375
     407
     389
     410
     367
     380
     398
     381
     415
     408
     418
     443
     397
     388
     416
     385
     396
     417
     369
     391
     404
     408
     403
     393
     419
     411
     424
     392
     370
     403
     409
     400
     387
     398
     409
     431
     388
     389
     374
     402
     414
     412
     375
     390
     391
     360
     375
     397
     399
     375
     391
     393
     406
     420
     421
     372
     388
     379
     396
     390
     383
     358
     419
     358
     376
     414
     450
     393
     383
     417
     392
     411
     403
     382
     400
     389
     391
     382
     378
     396
     347
     405
     359
     370
     337
     386
     397
     407
     376
     388
     365
     359
     389
     351
     372
     375
     403
     372
     353
     359
     367
     355
     375
     387
     370
     373
     369
     388
     403
     357
     391
     361
     332
     404
     379
     389
     343
     364
     362
     354
     369
     389
     388
     392
     378
     372
     363
     389
     415
     348
     360
     393
     391
     347
     360
     396
     356
     418
     369
     378
     401
     393
     358
     424
     375
     420
     404
     378
     382
     387
     411
     378
     395
     370
     394
     390
     382
     394
     382
     394
     377
     396
     401
     386
     398
     356
     379
     383
     372
     376
     408
     435
     356
     379
     356
     388
     356
     383
     391
     372
     363
     355
     386
     381
     362
     358
     348
     338
     377
     375
     339
     363
     344
     333
     384
     340
     349
     351
     344
     381
     334
     354
     359
     350
     352
     317
     365
     355
     353
     338
     365
     387
     348
     348
     323
     371
     343
     359
     354
     372
     327
     358
     372
     373
     393
     378
     369
     367
     327
     350
     373
     345
     397
     381
     412
     432
     374
     411
     382
     389
     385
     393
     397
     373
     398
     375
     380
     389
     373
     399
     370
     390
     391
     424
     390
     410
     378
     392
     410
     376
     363
     381
     380
     393
     404
     389
     393
     363
     326
     315
     361
     293
     318
     351
     329
     350
     303
     333
     326
     299
     291
     271
     224
     308
     257
     253
     260
     277
     242
     235
     214
     265
     228
     255
     225
     230
     221
     213
     258
     239
     245
     204
     241
     235
     225
     219
     243
     231
     236
     224
     247
     230
     239
     215
     229
     238
     231
     274
     256
     229
     242
     272
     232
     237
     234
     254
     220
     236
     260
     252
     238
     259
     259
     226
     248
     229
     244
     227
     243
     232
     269
     248
     225
     227
     251
     255
     269
     257
     245
     285
     236
     266
     270
     259
     281
     265
     271
     257
     243
     263
     232
     245
     257
     276
     261
     262
     248
     246
     238
     251
     264
     247
     231
     242
     228
     270
     256
     234
     249
     230
     235
     260
     250
     258
     248
     245
     265
     235
     235
     270
     273
     234
     277
     270
     261
     298
     236
     242
     261
     269
     276
     269
     257
     274
     252
     270
     252
     248
     268
     263
     285
     275
     316
     296
     272
     277
     289
     289
     304
     311
     301
     307
     308
     303
     309
     349
     308
     343
     332
     285
     327
     321
     310
     325
     304
     330
     329
     294
     307
     321
     299
     337
     322
     349
     358
     344
     322
     338
     322
     311
     304
     294
     301
     324
     339
     323
     283
     240
     284
     286
     298
     273
     279
     235
     237
     233
     211
     219
     210
     202
     176
     165
     185
     191
     154
     139
     158
     150
     150
     154
     139
     127
     123
     115
     128
     122
     122
     114
     134
     116
     125
     125
     110
     107
     120
     110
     109
     124
     115
     114
     104
     115
      93
     110
     102
     115
     100
     111
     113
     107
     124
     119
     120
     101
     114
     124
     121
     136
     140
     126
     137
     134
     143
     107
     131
     113
     138
     132
     131
     124
     124
     123
     132
     129
     109
     117
     148
     133
     131
     124
     142
     137
     107
     116
     131
     155
     118
     128
     152
     108
     142
     107
     129
     116
     131
     128
     116
     113
     109
     115
     118
     110
     112
     106
      96
      88
      98
      87
     115
      78
      66
      66
      73
      61
      69
      65
      73
      66
      55
      66
      68
      73
      58
      54
      59
      55
      57
      61
      64
      68
      61
      50
      48
      58
      53
      57
      51
      55
      58
      54
      61
      49
      61
      58
      59
      56
      58
      50
      55
      50
      59
      42
      50
      61
      67
      58
      51
      65
      52
      48
      50
      61
      61
      63
      48
      64
      43
      50
      50
      71
      60
      49
      53
      42
      46
      57
      53
      59
      57
      46
      37
      62
      45
      48
      41
      58
      49
      48
      45
      54
      43
      48
      44
      43
      49
      48
      57
      54
      64
      55
      63
      55
      41
      50
      54
      43
      31
      48
      39
      43
      45
      39
      56
      44
      40
      47
      54
      51
      49
      38
      42
      44
      53
      35
      48
      46
      38
      48
      45
      31
      41
      48
      42
      46
      43
      51
      46
      52
      45
      35
      36
      40
      43
      40
      53
      50
      56
      47
      52
      50
      34
      45
      44
      40
      43
      42
      49
      35
      54
      36
      46
      45
      39
      28
      39
      53
      36
      52
      35
      44
      47
      49
      28
      43
      44
      55
      43
      40
      50
      48
      43
      42
      43
      54
      45
      36
      43
      44
      39
      36
      35
      42
      34
      40
      31
      36
      30
      32
      34
      33
      35
      32
      38
      30
      31
      35
      40
      32
      37
      29
      25
      25
      34
      28
      39
      42
      32
      35
      37
      29
      27
      28
      35
      27
      27
      35
      26
      35
      30
      31
      28
      31
      20
      26
      35
      45
      37
      41
      35
      34
      26
      20
      38
      24
      33
      36
      49
      20
      22
      31
      40
      32
      31
      30
      19
      28
      34
      34
      25
      20
      27
      26
      26
      29
      31
      30
      24
      19
      34
      26
      23
      31
      34
      32
      29
      32
      25
      35
      26
      24
      34
      32
      28
      34
      29
      25
      24
      25
      12
      27
      28
      28
      21
      19
      37
      33
      20
      27
      23
      26
      28
      30
      17
      20
      21
      24
      40
      20
      18
      23
      29
      24
      29
      25
      23
      29
      28
      30
      22
      27
      24
      18
      22
      29
      33
      25
      24
      24
      31
      24
      28
      15
      28
      27
      27
      20
      21
      18
      24
      17
      26
      31
      29
      22
      17
      24
      24
      25
      19
      27
      17
      24
      18
      22
      22
      19
      21
      36
      20
      23
      19
      20
      29
      28
      28
      17
      30
      16
      19
      13
      15
      23
      24
      26
      16
      23
      24
      22
      16
      19
      22
      22
      24
      26
      16
      20
      26
      17
      14
      26
      19
      21
      20
      14
      30
      20
      17
      19
      17
      14
      16
      24
      19
      19
      18
      26
      18
      29
      16
      20
      16
      27
      25
      23
      16
      20
      21
      18
      28
      18
      25
      20
      28
      16
      17
      18
      19
      15
      16
      28
      14
      17
      19
      14
      18
      17
      13
      23
      20
      21
      22
      13
      22
      19
      16
      19
      20
      22
      24
      21
      12
      15
      20
      21
      18
      17
      16
      16
      20
      25
      17
      27
      22
      16
      23
      14
      17
      13
      19
      16
      17
      12
      24
      21
      27
      19
      19
      18
      21
      14
      20
      11
      17
      19
      23
      18
      23
      14
      12
      17
      15
      11
      15
      21
      19
      12
      21
      20
      20
      13
      17
       9
      21
      15
      12
      13
      19
      16
      14
      14
      10
      13
      13
      19
      14
      20
      19
      11
      18
      19
      18
      17
      15
      23
       9
      12
      15
      16
      15
      20
      16
      23
      16
      11
      13
      13
      13
      19
      20
      11
      13
      15
      14
      13
       8
      11
      10
      15
      19
      13
      20
      14
      21
      13
      16
      16
      13
      12
      15
      16
      19
      15
      14
      16
      12
      12
      21
      15
      17
      12
      14
      16
      15
       8
      13
      10
      11
      14
      16
      11
      16
      10
       8
      12
      13
      12
      16
      11
      16
      13
      20
      17
      20
       9
      15
      11
      19
      16
      14
      15
      16
      14
      18
      16
      19
      14
      15
      13
       8
      17
      12
      15
      17
      11
       9
      13
      15
      17
      13
      18
      10
      13
       8
      18
      17
      13
      11
      13
      10
      18
      16
       8
      13
      18
      18
      14
      15
      10
      11
       8
      22
       9
       9
       6
      11
      11
       9
       9
      14
      10
      10
      19
      11
      10
      11
      13
      13
      15
      13
      11
       8
       6
      12
      10
      14
      11
      13
      11
      11
       8
      12
      16
      13
      20
      12
      13
      13
      14
      14
      15
       9
      15
       9
      12
      12
      14
      10
      19
      12
      15
      12
      16
      10
       7
       8
      15
      13
      10
      13
       6
      16
      19
      12
       8
      12
       6
      13
       5
      11
      12
       8
      11
      13
      20
       8
       7
      11
      15
       7
       7
      15
      12
      10
       9
      15
      16
       9
      11
       8
      12
       7
       9
      11
       7
      10
       7
       8
      12
      10
       8
       6
       7
       9
      21
       7
      14
      12
      16
      11
      11
       5
       9
      13
      10
      10
       9
       6
      17
       8
       9
       9
      17
       6
      15
      11
       7
      11
       5
       7
      10
       9
      11
      10
       8
      18
       6
       8
       9
       9
       7
       9
       6
      12
       9
       8
       8
       6
       5
       8
      12
       7
       5
      10
      11
       4
       9
       8
      10
      14
      11
      11
      15
      10
       6
       8
      11
       7
      12
      13
       8
       7
       4
      13
      11
       7
      12
       4
      10
      13
      13
       8
      13
      12
       5
       8
       8
       9
       8
       7
      11
      12
       9
      10
       9
      13
      10
      10
       7
       9
       7
       8
      13
      13
      10
       6
      10
       8
       9
      13
       7
       7
       9
       2
      14
       8
      10
       8
       7
       8
       8
       4
       6
      11
       7
       4
       7
       7
       9
      13
       9
       4
       7
      10
      13
       5
       6
      12
       7
       4
       5
      12
       3
       6
      10
       7
       7
       6
      10
       5
       2
       9
       7
       7
      11
       4
       8
       5
       4
       2
       5
       7
       6
       5
       6
       4
       9
       8
       8
      10
      10
       4
      11
      14
       6
       6
       8
       5
       4
       8
       9
       9
       5
       7
       2
       5
       3
       6
       4
       6
      11
      10
       6
       5
       9
      10
       5
       7
       8
       6
       5
       6
       7
       7
       6
       3
      10
       2
       6
       9
       6
       5
       6
       1
       7
       6
       5
       5
       4
       6
       4
       9
       4
       4
       6
       9
      12
       7
       6
       8
       5
       3
       5
       3
       4
       5
       7
       4
      11
       4
       9
       6
       8
       2
       6
       5
       4
       8
       6
       4
       2
      10
       5
       6
       4
       6
       6
       7
      13
       7
       2
       5
       5
       8
       5
       5
       2
       6
       8
       9
       4
       4
       5
       4
       3
       4
       3
       8
       5
       8
       6
      10
       5
       4
       5
       6
       5
       6
       5
       5
       9
       8
       6
       8
       6
       6
      11
       3
       6
       6
       6
       3
       2
       6
       2
       6
       8
       3
       3
       4
       5
       5
       2
       4
       3
       3
       5
       3
       7
       5
       6
       6
       8
       1
       2
       6
       6
       5
       4
       6
       2
      11
       2
       5
       5
       2
       7
       8
       1
       6
       4
       6
       5
       1
       3
       4
       2
       1
       2
       6
       5
       4
       5
       4
       3
       9
       6
      10
       2
       2
       6
       7
       3
       3
       2
       2
       7
       3
       4
       9
       3
       1
       2
       3
       1
       2
       4
       3
      10
       0
       0
       3
       5
       3
       1
       9
       4
       6
       5
       5
       4
       6
       9
       1
       6
       6
       5
       3
       9
       3
       3
       2
       3
       2
       9
       5
       4
       2
       4
       3
      11
       1
       1
       6
       7
       1
       5
       5
       2
       2
       9
       3
       8
       4
       5
       5
       3
       1
       3
       4
       5
       3
       8
       2
       4
       2
       2
       8
       4
       2
       4
       2
       2
       3
       4
       5
       1
       3
       5
       3
       4
       1
       3
       5
       5
       3
       1
       4
       4
       3
       0
       2
       4
       3
       8
       4
       2
       1
       4
       2
       5
       3
       2
       5
       2
       2
       4
       4
       4
       3
       4
       5
       2
       6
       1
       2
       5
       2
       2
       3
       5
       1
       4
       0
       1
       2
       3
       4
       4
       5
       6
       2
       3
       1
       2
       2
       2
       4
       4
       0
       2
       2
       6
       5
       2
       3
       3
       4
       3
       3
       0
       3
       3
       2
       1
       8
       4
       4
       2
       3
       2
       5
       2
       3
       3
       3
       1
       3
       0
       3
       4
       3
       2
       1
       3
       1
       2
       2
       4
       3
       1
       2
       4
       4
       1
       1
       1
       3
       1
       2
       7
       1
       2
       4
       2
       3
       3
       3
       1
       3
       5
       3
       4
       5
       1
       3
       6
       0
       7
       4
       1
       4
       2
       3
       1
       1
       3
       4
       3
       1
       2
       3
       2
       5
       3
       0
       2
       2
       3
       5
       1
       3
       3
       1
       3
       3
       3
       3
       5
       4
       5
       3
       2
       2
       0
       1
       4
       3
       4
       1
       3
       2
       5
       2
       3
       4
       6
       2
       2
       1
       4
       5
       3
       4
       3
       2
       2
       4
       3
       1
       2
       2
       3
       2
       1
       1
       1
       3
       3
       2
       2
       2
       0
       2
       3
       0
       3
       1
       5
       2
       0
       1
       3
       2
       2
       1
       7
       4
       1
       2
       1
       0
       2
       3
       2
       2
       4
       2
       2
       3
       0
       3
       1
       6
       3
       1
       3
       4
       2
       1
       1
       2
       4
       3
       1
       4
       4
       0
       0
       2
       2
       2
       1
       2
       3
       1
       3
       3
       5
       1
       1
       2
       3
       0
       3
       1
       0
       1
       2
       4
       1
       2
       2
       1
       0
       6
       0
       1
       3
       4
       2
       3
       2
       1
       5
       0
       3
       3
       2
       2
       1
       1
       0
       2
       2
       1
       3
       1
       0
       2
       1
       1
       5
       2
       2
       2
       2
       2
       2
       2
       4
       4
       1
       0
       1
       2
       3
       2
       2
       1
       2
       3
       1
       1
       3
       3
       1
       3
       0
       2
       1
       0
       0
       1
       4
       2
       3
       0
       0
       2
       0
       5
       1
       2
       1
       4
       3
       2
       4
       2
       2
       3
       2
       0
       3
       0
       1
       2
       0
       0
       1
       2
       2
       3
       2
       3
       5
       2
       0
       3
       0
       4
       2
       1
       2
       2
       3
       3
       2
       4
       3
       5
       3
       0
       3
       2
       4
       0
       3
       1
       3
       1
       4
       0
       2
       4
       1
       5
       0
       0
       1
       1
       1
       0
       2
       4
       3
       0
       2
       2
       2
       3
       2
       4
       0
       0
       4
       1
       3
       2
       0
       1
       1
       1
       2
       3
       0
       5
       0
       1
       2
       0
       2
       2
       0
       3
       3
       0
       2
       1
       1
       1
       0
       2
       0
       3
       1
       3
       2
       2
       3
       2
       1
       3
       0
       2
       2
       2
       2
       1
       6
       1
       1
       1
       1
       1
       1
       0
       4
       2
       1
       3
       2
       1
       3
       2
       0
       1
       0
       3
       3
       2
       1
       5
       1
       2
       6
       3
       1
       1
       1
       2
       1
       3
       3
       2
       3
       2
       1
       0
       4
       0
       1
       1
       1
       1
       0
       1
       0
       1
       3
       2
       5
       2
       0
       1
       2
       2
       0
       3
       2
       0
       2
       1
       1
       2
       2
       1
       3
       1
       2
       0
       1
       1
       0
       0
       4
       1
       0
       1
       1
       1
       2
       2
       0
       1
       0
       2
       0
       1
       4
       3
       3
       0
       1
       3
       4
       1
       1
       1
       1
       1
       0
       2
       3
       0
       0
       2
       1
       0
       1
       0
       3
       0
       0
       1
       2
       2
       2
       3
       3
       3
       1
       3
       1
       4
       1
       3
       2
       3
       2
       6
       1
       1
       0
       4
       0
       4
       3
       2
       0
       1
       2
       1
       0
       3
       3
       0
       1
       0
       1
       3
       2
       1
       2
       0
       4
       2
       2
       2
       1
       1
       2
       1
       1
       1
       1
       2
       3
       1
       4
       0
       0
       2
       4
       2
       2
       1
       4
       5
       1
       3
       5
       1
       1
       2
       3
       2
       0
       3
       1
       3
       2
       2
       1
       5
       1
       1
       2
       3
       0
       1
       2
       1
       0
       2
       4
       0
       2
       3
       1
       3
       2
       0
       0
       2
       2
       2
       0
       0
       3
       1
       0
       1
       0
       3
       1
       1
       2
       0
       0
       1
       1
       1
       3
       1
       0
       1
       1
       3
       0
       0
       1
       3
       2
       0
       1
       0
       1
       3
       2
       3
       0
       3
       2
       1
       1
       1
       0
       1
       0
       1
       1
       2
       1
       2
       0
       2
       4
       3
       1
       2
       4
       3
       2
       1
       3
       1
       0
       3
       0
       2
       1
       2
       0
       1
       3
       1
       0
       1
       2
       3
       2
       2
       3
       2
       1
       1
       3
       3
       2
       3
       1
       0
       2
       4
       2
       3
       1
       0
       5
       2
       1
       2
       2
       3
       0
       3
       2
       2
       5
       6
       2
       2
       2
       2
       3
       4
       2
       3
       1
       3
       1
       4
       3
       2
       3
       0
       2
       2
       3
       1
       5
       1
       5
       2
       4
       3
       3
       2
       1
       3
       2
       1
       2
       1
       2
       0
       1
       1
       2
       1
       1
       0
       2
       1
       1
       1
       2
       1
       2
       1
       5
       0
       2
       1
       1
       2
       0
       1
       1
       2
       2
       1
       1
       0
       0
       0
       2
       1
       2
       1
       1
       1
       1
       0
       3
       2
       1
       0
       0
       2
       2
       1
       2
       1
       1
       0
       0
       2
       2
       1
       2
       0
       3
       0
       2
       2
       0
       2
       3
       1
       0
       1
       1
       0
       1
       0
       0
       1
       2
       0
       1
       1
       3
       1
       0
       4
       2
       2
       2
       3
       1
       0
       1
       0
       2
       0
       0
       2
       2
       1
       1
       1
       0
       2
       2
       1
       0
       3
       0
       1
       1
       0
       0
       3
       0
       2
       2
       3
       0
       4
       4
       1
       0
       0
       0
       2
       1
       3
       1
       1
       2
       0
       0
       4
       1
       1
       2
       0
       0
       1
       0
       2
       2
       1
       2
       2
       0
       2
       0
       0
       1
       2
       1
       2
       1
       0
       0
       1
       0
       0
       0
       1
       0
       1
       0
       0
       1
       1
       1
       2
       1
       1
       0
       0
       2
       0
       0
       1
       0
       1
       2
       0
       1
       0
       2
       0
       0
       2
       1
       1
       2
       1
       0
       2
       1
       2
       4
       0
       0
       0
       0
       2
       1
       1
       0
       1
       2
       0
       1
       1
       1
       2
       0
       2
       0
       1
       1
       0
       1
       0
       0
       0
       0
       2
       2
       0
       0
       0
       1
       2
       0
       0
       1
       1
       0
       2
       0
       1
       1
       1
       0
       0
       0
       0
       0
       3
       2
       1
       0
       2
       0
       0
       0
       0
       1
       0
       0
       1
       2
       0
       0
       1
       0
       1
       0
       0
       1
       2
       1
       0
       0
       2
       1
       2
       1
       1
       1
       1
       1
       0
       0
       0
       0
       0
       1
       1
       1
       1
       0
       1
       1
       1
       1
       0
       0
       2
       1
       2
       1
       0
       3
       1
       1
       0
       3
       1
       1
       1
       1
       0
       1
       0
       0
       1
       1
       1
       2
       0
       0
       4
       2
       0
       1
       1
       2
       0
       1
       1
       2
       0
       1
       0
       0
       0
       0
       4
       0
       2
       1
       1
       1
       0
       1
       1
       1
       1
       1
       1
       0
       1
       0
       3
       1
       0
       0
       1
       2
       0
       0
       0
       1
       0
       1
       2
       3
       2
       0
       0
       0
       0
       0
       2
       1
       1
       1
       0
       1
       1
       1
       0
       1
       0
       1
       2
       0
       1
       2
       0
       2
       0
       0
       3
       0
       0
       0
       1
       0
       1
       1
       2
       0
       0
       0
       0
       0
       1
       1
       1
       0
       0
       0
       1
       0
       2
       2
       0
       2
       3
       0
       1
       1
       0
       1
       0
       0
       1
       0
       1
       0
       3
       1
       3
       0
       0
       0
       0
       1
       0
       0
       1
       1
       0
       1
       0
       0
       0
       6
       1
       1
       1
       0
       0
       1
       1
       0
       1
       1
       0
       0
       0
       1
       1
       0
       0
       0
       0
       0
       0
       0
       1
       1
       1
       0
       0
       3
       0
       2
       1
       2
       0
       0
       3
       1
       1
       1
       0
       1
       0
       3
       2
       0
       0
       1
       1
       0
       0
       2
       0
       1
       2
       2
       1
       0
       2
       1
       1
       0
       0
       2
       0
       0
       1
       1
       0
       1
       0
       1
       4
       0
       0
       0
       4
       0
       1
       2
       1
       3
       0
       1
       2
       1
       2
       0
       1
       0
       3
       2
       1
       1
       1
       5
       1
       2
       5
       2
       1
       0
       3
       7
       5
       9
       5
       0
       4
       2
       7
       3
       6
       2
       8
       6
       4
       0
       4
       6
       4
       4
      11
       8
       5
       5
       7
      11
      11
      11
       6
       7
      13
      16
      17
       8
      13
      14
      10
      12
       9
      13
       6
       8
      11
       9
      11
       5
       7
      11
      10
       6
      13
       9
       5
       3
       6
       6
       7
       7
       3
       6
      11
       1
       3
       4
       1
       4
       1
       1
       0
       1
       2
       3
       0
       0
       3
       1
       2
       0
       1
       0
       0
       0
       1
       2
       1
       3
       2
       1
       1
       0
       2
       0
       0
       2
       0
       0
       0
       0
       1
       2
       1
       2
       1
       0
       0
       0
       0
       1
       0
       1
       1
       0
       0
       0
       0
       3
       1
       2
       1
       0
       1
       3
       0
       1
       1
       1
       1
       0
       3
       2
       0
       1
       1
       2
       1
       0
       2
       0
       1
       0
       0
       1
       0
       1
       0
       1
       2
       0
       1
       3
       0
       1
       0
       0
       1
       0
       1
       1
       0
       2
       1
       1
       1
       1
       3
       1
       1
       0
       0
       0
       0
       0
       1
       0
       0
       0
       2
       1
       0
       3
       1
       1
       2
       3
       1
       1
       1
       0
       0
       0
       1
       0
       0
       0
       0
       1
       0
       2
       0
       0
       1
       0
       0
       0
       1
       4
       0
       1
       0
       1
       0
       2
       1
       0
       1
       0
       0
       1
       1
       0
       1
       1
       0
       3
       1
       2
       0
       0
       0
       0
       2
       0
       1
       0
       0
       1
       0
       0
       2
       0
       2
       1
       0
       0
       0
       1
       1
       0
       1
       2
       0
       0
       0
       2
       1
       0
       0
       0
       0
       0
       1
       1
       1
       0
       1
       1
       1
       1
       1
       0
       0
       2
       1
       0
       1
       0
       1
       1
       0
       1
       0
       0
       0
       0
       0
       2
       1
       2
       0
       1
       1
       2
       1
       0
       1
       3
       0
       0
       0
       1
       1
       0
       0
       1
       1
       1
       1
       0
       1
       0
       0
       1
       0
       1
       0
       0
       1
       0
       1
       0
       0
       0
       0
       0
       0
       0
       1
       0
       0
       0
       0
       0
       0
       1
       1
       1
       1
       0
       0
       0
       1
       0
       0
       0
       0
       0
       0
       0
       0
       0
       0
       1
       0
       0
       0
       1
       0
       0
       0
       1
       0
       0
       0
       1
       0
       0
       0
       0
       0
       0
       0
       0
       3
       0
       0
       1
       1
       0
       0
       0
       0
       1
       0
       0
       2
       0
       0
       1
       1
       0
       0
       0
       1
       0
       0
       1
       0
       0
       2
       0
       2
       1
       2
       0
       1
       0
       1
       0
       0
       0
       0
       0
       0
       2
       0
       0
       1
       1
       0
       0
       0
       0
       1
       1
       1
       2
       0
       0
       2
       0
       1
       0
       0
       0
       1
       0
       0
       0
       1
       0
       0
       1
       0
       1
       1
       1
       1
       0
       2
       1
       0
       1
       1
       1
       1
       0
       0
       0
       0
       0
       1
       0
       0
       0
       1
       1
       0
       0
       0
       1
       0
       0
       0
       0
       1
       0
       0
       1
       2
       3
       0
       1
       0
       0
       1
       1
       1
       0
       2
       0
       0
       0
       0
       1
       0
       0
       0
       1
       0
       2
       1
       1
       0
       1
       0
       0
       0
       0
       1
       0
       1
       1
       1
       2
       0
       2
       0
       0
       4
       2
       1
       0
       0
       1
       0
       0
       1
       0
       0
       1
       0
       0
       0
       1
       1
       0
       0
       1
       0
       1
       0
       0
       1
       2
       1
       0
       0
       0
       0
       1
       0
       1
       0
       0
       0
       1
       1
       0
       0
       1
       0
       2
       0
       1
       0
       0
       0
       0
       1
       0
       0
       0
       0
       0
       1
       1
       1
       0
       0
       1
       0
       1
       0
       0
       1
       1
       0
       0
       0
       0
       0
       1
       1
       0
       0
       1
       0
       0
       0
       2
       0
       0
       0
       0
       0
       0
       0
       0
       0
       0
       1
       1
       0
       0
       2
       0
       0
       2
       0
       1
       1
       0
       0
       0
       0
       0
       0
       0
       0
       0
       0
       0
       0
       1
       0
       1
       0
       0
       1
       0
       1
       0
       0
       0
       0
       1
       1
       1
       1
       1
       0
       0
       1
       0
       1
       0
       0
       0
       1
       1
       0
       1
       0
       1
       0
       0
       0
       0
       1
       0
       0
       0
       0
       2
       0
       1
       0
       1
       0
       0
       0
       0
       0
       0
       1
       0
       1
       0
       0
       0
       1
       0
       1
       1
       0
       0
       0
       0
       1
       1
       0
       0
       0
       0
       0
       0
       0
       0
       1
       1
       0
       1
       0
       0
       0
       1
       0
       0
       1
       1
       0
       0
       0
       0
       0
       0
       1
       0
       1
       0
       0
       0
       0
       1
       0
       1
       1
       1
       0
       0
       0
       0
       1
       0
       0
       1
       1
       0
       0
       0
       2
       1
       1
       0
       1
       1
       0
       1
       0
       1
       0
       0
       1
       0
       2
       0
       0
       0
       0
       0
       0
       0
       0
       0
       2
       0
       0
       1
       1
       0
       0
       1
       0
       0
       1
       1
       0
       0
       1
       1
       0
       0
       0
       0
       1
       1
       0
       0
       0
       0
       1
       0
       0
       0
       1
       0
       1
       0
       0
       0
       1
       0
       0
       0
       0
       0
       0
       0
       0
       0
       1
       0
       0
       0
       0
       1
       0
       0
       0
       0
       0
       0
       0
       0
       0
       0
       0
       0
       2
       0
       0
       0
       0
       1
       0
       0
       0
       1
       1
       0
       0
       1
       0
       1
       0
       0
       1
       0
       0
       0
       1
       0
       0
       0
       0
       0
       0
       1
       0
       0
       2
       0
       1
       0
       0
       0
       1
       1
       1
       2
       0
       0
       0
       1
       1
       0
       0
       1
       0
       0
       1
       0
       0
       0
       0
       0
       0
       0
       0
       0
       1
       1
       1
       0
       0
       0
       0
       1
       0
       0
       0
       0
       1
       0
       0
       2
       0
       1
       0
       1
       1
       0
       0
       1
       1
       0
       0
       0
       0
       0
       0
       0
       1
       1
       0
       0
       1
       0
       0
       0
       0
       0
       2
       0
       0
       0
       0
       0
       0
       0
       0
       0
       0
       1
       0
       0
       0
       1
       0
       1
       0
       0
       1
       1
       0
       1
       1
       0
       0
       0
       1
       0
       0
       0
       1
       0
       0
       0
       0
       0
       0
       0
       0
       0
       1
       0
       0
       2
       2
       0
       1
       0
       1
       0
       0
       0
       0
       0
       1
       0
       0
       0
       1
       0
       1
       0
       0
       0
       0
       0
       0
       1
       0
       0
       0
       0
       0
       1
       1
       0
       1
       0
       0
       0
       2
       0
       0
       0
       1
       0
       0
       0
       0
       1
       3
       0
       1
       0
       0
       3
       1
       0
       0
       0
       0
       1
       1
       0
       0
       0
       0
       0
       2
       0
       0
       1
       0
       2
       0
       0
       1
       0
       0
       0
       0
       0
       0
       0
       0
       0
       0
       1
       0
       0
       0
       0
       3
       1
       0
       0
       1
       1
       1
       0
       0
       0
       0
       0
       0
       0
       1
       1
       0
       0
       0
       0
       0
       0
       1
       0
       0
       0
       0
       0
       4
       0
       0
       0
       1
       1
       2
       3
       0
       2
       0
       1
       1
       1
       0
       0
       3
       0
       2
       2
       0
       0
       1
       1
       0
       3
       0
       1
       1
       1
       0
       0
       2
       1
       0
       0
       2
       1
       0
       0
       1
       1
       1
       1
       1
       0
       1
       0
       0
       3
       1
       0
       1
       0
       0
       1
       0
       1
       0
       0
       1
       0
       0
       0
       0
       0
       0
       0
       1
       0
       0
       0
       0
       0
       0
       0
       0
       0
       1
       0
       0
       0
       0
       1
       0
       0
       0
       0
       0
       0
       0
       0
       0
       0
       0
       0
       0
       0
       1
       0
       1
       0
       0
       0
       0
       0
       0
       0
       0
       0
       1
       0
       0
       0
       0
       2
       0
       0
       0
       0
       0
       0
       0
       0
       0
       1
       0
       0
       0
       0
       0
       0
       0
       0
       1
       0
       0
       0
       0
       0
       0
       1
       0
       0
       1
       0
       1
       0
       0
       0
       1
       0
       0
       1
       0
       0
       0
       0
       0
       2
       0
       0
       2
       0
       0
       1
       0
       0
       1
       1
       0
       0
       0
       0
       0
       1
       1
       0
       0
       0
       0
       0
       0
       0
       0
       0
       0
       0
       0
       0
       0
       0
       0
       1
       0
       0
       0
       0
       1
       1
       0
       0
       0
       0
       0
       0
       0
       0
       0
       0
       0
       0
       1
       0
       0
       0
       0
       0
       0
       0
       0
       0
       0
       0
       0
       0
       0
       0
       0
       0
       0
       0
       0
       0
       0
       0
       0
       1
       0
       0
       0
       0
       0
       0
       1
       0
       1
       0
       1
       0
       1
       0
       0
       0
       0
       0
       0
       0
       0
       0
       0
       2
       0
       0
       0
       0
       1
       1
       0
       0
       0
       0
       0
       1
       0
       0
       0
       0
       1
       0
       0
       0
       0
       0
       1
       0
       0
       0
       0
       0
       0
       0
       0
       1
       0
       0
       0
       1
       0
       0
       0
       0
       0
       1
       0
       0
       1
       0
       0
       0
       0
       1
       2
       0
       0
       1
       0
       0
       0
       1
       1
       0
       0
       0
       1
       0
       1
       1
       0
       0
       0
       1
       1
       0
       0
       1
       0
       1
       0
       1
       0
       1
       0
       0
       0
       0
       1
       2
       0
       0
       0
       0
       0
       0
       0
       0
       0
       0
       0
       0
       1
       1
       1
       0
       0
       0
       0
       1
       1
       0
       0
       0
       0
       0
       0
       0
       0
       0
       0
       0
       0
       0
       1
       1
       0
       0
       0
       0
       0
       0
       0
       2
       0
       1
       1
       1
       1
       0
       0
       1
       1
       0
       0
       0
       0
       0
       0
       0
       0
       0
       0
       0
       0
       0
       0
       0
       0
       0
       0
       0
       0
       1
       0
       1
       1
       0
       0
       2
       0
       0
       1
       0
       0
       1
       0
       0
       1
       0
       1
       1
       0
       2
       0
       0
       0
       2
       1
       0
       0
       0
       2
       0
       0
       0
       0
       0
       0
       0
       0
       1
       0
       1
       0
       0
       1
       0
       0
       0
       0
       1
       0
       0
       0
       0
       0
       0
       0
       0
       1
       0
       0
       0
       1
       0
       0
       0
       0
       0
       0
       1
       0
       0
       0
       0
       0
       0
       1
       0
       0
       0
       0
       0
       1
       0
       0
       0
       0
       0
       0
       1
       0
       0
       0
       0
       0
       1
       0
       0
       0
       1
       1
       0
       1
       0
       0
       0
       1
       1
       1
       0
       0
       0
       0
       0
       0
       0
       0
       0
       0
       0
       0
       0
       0
       1
       0
       0
       1
       0
       1
       0
       0
       0
       0
       0
       0
       0
       1
       0
       0
       0
       1
       0
       0
       0
       0
       0
       0
       0
       0
       0
       0
       1
       0
       0
       0
       0
       0
       0
       2
       0
       0
       0
       0
       0
       0
       0
       0
       0
       0
       0
       0
       0
       0
       0
       0
       0
       0
       1
       0
       0
       0
       0
       0
       0
       0
       1
       0
       0
       0
       0
       0
       1
       1
       0
       0
       0
       0
       0
       1
       1
       0
       0
       1
       1
       0
       0
       0
       0
       0
       0
       0
       0
       0
       0
       0
       0
       0
       0
       0
       0
       0
       0
       0
       0
       0
       0
       0
       0
       1
       0
       0
       0
       0
       0
       0
       1
       0
       0
       0
       0
       0
       1
       1
       1
       0
       0
       0
       1
       0
       0
       0
       0
       0
       0
       0
       0
       0
       0
       0
       0
       0
       0
       0
       0
       0
       0
       0
       0
       0
       1
       0
       0
       0
       1
       0
       0
       0
       0
       0
       0
       1
       0
       0
       0
       0
       0
       1
       0
       1
       0
       1
       0
       0
       0
       0
       0
       0
       0
       0
       0
       0
       0
       0
       0
       0
       0
       1
       0
       0
       0
       0
       0
       0
       1
       1
       0
       0
       0
       0
       0
       0
       0
       1
       0
       0
       0
       0
       0
       0
       0
       0
       0
       0
       0
       0
       0
       0
       0
       0
       0
       0
       0
       0
       0
       0
       1
       1
       0
       0
       0
       0
       0
       0
       0
       0
       0
       0
       0
       1
       0
       0
       0
       0
       0
       0
       0
       0
       1
       0
       0
       1
       0
       0
       0
       0
       0
       2
       0
       0
       0
       0
       0
       1
       0
       0
       0
       0
       0
       0
       0
       0
       0
       1
       1
       0
       1
       0
       0
       0
       0
       0
       0
       0
       0
       0
       0
       0
       0
       0
       0
       0
       0
       0
       0
       0
       0
       0
       0
       0
       0
       0
       1
       0
       1
       0
       0
       0
       0
       0
       0
       0
       1
       1
       0
       0
       0
       1
       0
       0
       0
       1
       0
       1
       0
       0
       0
       0
       0
       1
       0
       0
       0
       0
       0
       0
       0
       0
       0
       0
       0
       0
       1
       0
       0
       1
       0
       0
       1
       0
       1
       0
       0
       0
       1
       0
       0
       1
       0
       1
       1
       0
       0
       1
       0
       0
       0
       0
       1
       1
       0
       0
       0
       0
       0
       1
       0
       0
       0
       0
       1
       0
       2
       0
       0
       0
       0
       0
       0
       0
       0
       0
       0
       0
       0
       2
       1
       0
       0
       0
       1
       1
       0
       0
       2
       0
       1
       0
       1
       0
       0
       0
       0
       0
       0
       0
       0
       1
       0
       0
       0
       1
       1
       1
       0
       0
       0
       0
       0
       0
       0
       1
       0
       0
       0
       0
       0
       0
       0
       0
       0
       0
       0
       0
       0
       0
       0
       0
       0
       0
       0
       0
       0
       0
       0
       0
       0
       0
       0
       0
       0
       0
       0
       0
       0
       0
       0
       0
       0
       0
       0
       0
       0
       0
       0
       0
       0
       0
       0
       0
       0
       0
       0
       0
       0
       0
       1
       0
       0
       0
       0
       1
       0
       0
       0
       0
       0
       0
       0
       0
       0
       0
       0
       0
       0
       0
       0
       0
       0
       0
       0
       0
       0
       0
       1
       0
       0
       0
       0
       0
       0
       0
       1
       0
       0
       0
       0
       0
       0
       0
       0
       0
       0
       0
       0
       0
       0
       0
       0
       0
       0
       0
       0
       0
       0
       0
       2
       0
       0
       0
       0
       0
       1
       1
       0
       1
       0
       0
       0
       0
       1
       1
       0
       0
       0
       0
       0
       1
       0
       0
       0
       0
       0
       0
       0
       0
       0
       0
       0
       0
       0
       0
       0
       0
       0
       1
       0
       0
       0
       0
       0
       0
       0
       0
       0
       0
       0
       0
       0
       0
       0
       0
       0
       0
       0
       0
       0
       0
       0
       0
       0
       0
       1
       0
       0
       0
       0
       0
       0
       0
       0
       0
       0
       0
       0
       0
       0
       0
       0
       0
       0
       0
       0
       0
       0
       0
       0
       0
       0
       1
       0
       0
       1
       0
       0
       0
       1
       0
       0
       0
       0
       0
       0
       0
       0
       0
       1
       0
       0
       0
       0
       0
       0
       0
       0
       0
       0
       0
       0
       0
       0
       0
       0
       0
       0
       1
       0
       0
       0
       0
       0
       1
       0
       0
       0
       1
       0
       0
       1
       0
       0
       0
       0
       1
       0
       1
       0
       0
       0
       0
       0
       1
       0
       1
       0
       0
       0
       0
       0
       2
       0
       1
       0
       1
       0
       0
       0
       0
       0
       0
       0
       0
       0
       0
       0
       0
       0
       1
       0
       0
       0
       0
       0
       0
       0
       1
       0
       1
       0
       0
       0
       0
       0
       0
       0
       1
       0
       0
       1
       0
       1
       0
       1
       0
       0
       0
       0
       0
       0
       0
       0
       0
       0
       0
       0
       0
       0
       0
       1
       1
       0
       0
       0
       0
       0
       0
       0
       0
       0
       0
       0
       1
       0
       1
       0
       0
       0
       0
       0
       0
       0
       0
       0
       0
       0
       0
       0
       0
       0
       0
       0
       0
       0
       1
       1
       0
       0
       0
       0
       1
       0
       0
       0
       0
       0
       0
       0
       0
       0
       0
       0
       0
       0
       0
       0
       0
       0
       0
       0
       0
       0
       0
       0
       0
       0
       0
       1
       0
       1
       0
       0
       0
       0
       0
       0
       0
       0
       0
       0
       0
       0
       0
       1
       0
       0
       0
       0
       0
       0
       1
       0
       0
       0
       0
       0
       0
       0
       0
       0
       0
       0
       0
       0
       0
       0
       0
       0
       0
       0
       0
       0
       0
       0
       0
       0
       0
       0
       0
       2
       0
       0
       0
       1
       0
       1
       0
       0
       0
       0
       0
       0
       1
       1
       0
       0
       0
       1
       0
       1
       0
       0
       0
       0
       0
       0
       0
       0
       0
       0
       0
       1
       0
       0
       0
       0
       0
       0
       0
       0
       0
       0
       0
       0
       0
       0
       0
       0
       0
       0
       0
       2
       2
       0
       0
       0
       0
       0
       0
       0
       0
       0
       0
       0
       0
       1
       0
       1
       1
       0
       0
       0
       0
       1
       0
       0
       0
       0
       1
       0
       0
       2
       0
       0
       0
       0
       0
       0
       0
       0
       0
       0
       0
       0
       0
       0
       1
       1
       0
       0
       0
       0
       0
       0
       0
       1
       0
       0
       0
       1
       0
       1
       0
       0
       0
       0
       0
       0
       0
       0
       0
       0
       0
       0
       0
       1
       0
       0
       0
       0
       0
       0
       0
       0
       0
       0
       0
       0
       0
       1
       0
       0
       0
       0
       1
       0
       0
       1
       0
       0
       0
       0
       0
       0
       0
       0
       1
       0
       0
       0
       0
       0
       0
       0
       0
       0
       0
       0
       0
       0
       1
       1
       3
       1
       0
       0
       0
       0
       0
       0
       1
       0
       0
       1
       0
       0
       1
       0
       0
       0
       0
       0
       0
       0
       0
       1
       1
       0
       0
       0
       0
       0
       0
       0
       0
       0
       0
       0
       0
       0
       0
       0
       0
       0
       0
       0
       0
       1
       0
       0
       1
       0
       0
       0
       0
       0
       0
       0
       0
       0
       0
       0
       0
       0
       1
       0
       0
       0
       1
       0
       0
       0
       0
       0
       0
       1
       1
       1
       0
       0
       0
       0
       0
       0
       0
       1
       0
       0
       0
       0
       0
       0
       0
       0
       0
       0
       0
       0
       0
       0
       0
       0
       0
       0
       0
       0
       0
       0
       0
       0
       0
       1
       0
       1
       0
       0
       0
       0
       0
       0
       0
       0
       0
       0
       1
       0
       0
       0
       0
       0
       0
       0
       0
       0
       0
       0
       0
       0
       0
       0
       0
       0
       0
       0
       0
       0
       0
       0
       0
       0
       0
       0
       0
       0
       0
       0
       0
       0
       0
       0
       0
       0
       0
       0
       0
       0
       0
       0
       0
       0
       0
       0
       0
       0
       0
       0
       0
       0
       0
       0
       0
       0
       0
       0
       0
       0
       0
       0
       0
       0
       0
       0
       0
       0
       0
       0
       0
       0
       0
       0
       0
       0
       0
       0
       0
       0
       0
       0
       0
       0
       0
       0
       0
       0
       0
       0
       0
       0
       0
       0
       0
       0
       0
       0
       0
       0
       0
       0
       0
       0
       0
       0
       0
       0
       0
       0
       0
       0
       0
       0
       0
       0
       0
       0
       0
       0
       0
       0
       0
       0
       0
       0
       0
       0
       0
       0
       0
       0
       0
       0
       0
       0
       0
       0
       0
$ROI:
0
$PRESETS:
Real Time
450
0
$ENER_FIT:
0.000000 0.000000
$MCA_CAL:
3
0.000000E+000 0.000000E+000 0.000000E+000 
$SHAPE_CAL:
3
0.000000E+000 0.000000E+000 0.000000E+000
