$SPEC_ID:
No sample description was entered.
$SPEC_REM:
DET# 1
DETDESC# NOISEPC Easy-MCA-8k SN 12310217
AP# Maestro Version 7.01
$DATE_MEA:
06/15/2022 18:16:18
$MEAS_TIM:
359 450
$DATA:
0 8191
       0
       0
       0
       0
       0
       0
       0
       0
       0
       0
       0
       0
       0
       0
       0
       0
       0
       0
       0
       0
       0
       0
       0
       0
       0
       0
       0
       0
       0
       0
       0
       0
       0
       0
       0
       0
       0
       0
       0
       0
       0
       0
       0
       0
       0
       0
       0
       0
       0
       0
       0
       0
       0
       0
       0
       0
       0
       0
       0
       2
       9
       5
       7
       9
      25
      50
     295
    1594
    2162
    2152
    2131
    2100
    2199
    2041
    1930
    1923
    1911
    1830
    1853
    1870
    1916
    1865
    1809
    1977
    1814
    1823
    1885
    1763
    1757
    1786
    1751
    1798
    1764
    1706
    1735
    1729
    1717
    1678
    1722
    1686
    1648
    1651
    1641
    1662
    1625
    1588
    1595
    1612
    1521
    1626
    1588
    1639
    1626
    1514
    1559
    1563
    1609
    1582
    1530
    1542
    1508
    1552
    1550
    1584
    1457
    1502
    1470
    1455
    1476
    1486
    1538
    1467
    1428
    1457
    1481
    1469
    1449
    1462
    1470
    1460
    1417
    1433
    1370
    1438
    1448
    1410
    1482
    1491
    1384
    1397
    1436
    1459
    1417
    1453
    1383
    1391
    1395
    1445
    1363
    1371
    1375
    1418
    1412
    1429
    1374
    1351
    1349
    1339
    1398
    1359
    1290
    1380
    1349
    1342
    1407
    1350
    1407
    1421
    1342
    1375
    1413
    1396
    1362
    1293
    1262
    1347
    1343
    1305
    1315
    1360
    1310
    1332
    1304
    1334
    1288
    1276
    1338
    1271
    1357
    1272
    1352
    1306
    1313
    1366
    1303
    1302
    1279
    1272
    1303
    1260
    1281
    1284
    1278
    1275
    1221
    1292
    1254
    1327
    1339
    1277
    1255
    1237
    1280
    1301
    1319
    1234
    1392
    1265
    1287
    1249
    1255
    1319
    1333
    1265
    1284
    1240
    1269
    1266
    1322
    1266
    1260
    1288
    1204
    1277
    1240
    1266
    1252
    1300
    1230
    1273
    1198
    1263
    1256
    1271
    1270
    1277
    1286
    1273
    1259
    1300
    1273
    1276
    1274
    1259
    1284
    1243
    1206
    1271
    1270
    1270
    1197
    1246
    1294
    1301
    1266
    1251
    1254
    1266
    1263
    1242
    1219
    1231
    1183
    1239
    1233
    1302
    1231
    1290
    1217
    1225
    1191
    1220
    1234
    1217
    1243
    1278
    1217
    1257
    1241
    1229
    1268
    1208
    1300
    1232
    1206
    1275
    1183
    1221
    1242
    1241
    1168
    1195
    1149
    1192
    1191
    1195
    1319
    1252
    1281
    1215
    1205
    1242
    1219
    1231
    1239
    1174
    1175
    1198
    1223
    1269
    1202
    1199
    1232
    1264
    1220
    1231
    1197
    1191
    1230
    1258
    1225
    1188
    1186
    1227
    1223
    1194
    1202
    1256
    1193
    1276
    1196
    1207
    1191
    1180
    1202
    1227
    1227
    1217
    1213
    1222
    1231
    1211
    1239
    1194
    1225
    1225
    1219
    1191
    1191
    1217
    1243
    1179
    1264
    1218
    1231
    1221
    1201
    1252
    1207
    1227
    1240
    1222
    1211
    1198
    1214
    1210
    1168
    1308
    1225
    1198
    1220
    1210
    1196
    1243
    1244
    1214
    1231
    1206
    1196
    1213
    1198
    1222
    1242
    1160
    1239
    1215
    1234
    1198
    1156
    1270
    1204
    1262
    1287
    1268
    1195
    1254
    1219
    1239
    1239
    1216
    1260
    1210
    1207
    1182
    1294
    1243
    1241
    1231
    1199
    1218
    1269
    1206
    1163
    1196
    1215
    1265
    1252
    1202
    1236
    1292
    1185
    1244
    1271
    1204
    1272
    1227
    1335
    1237
    1258
    1280
    1267
    1275
    1238
    1253
    1289
    1302
    1241
    1199
    1203
    1237
    1268
    1258
    1295
    1201
    1246
    1259
    1236
    1209
    1231
    1214
    1277
    1325
    1302
    1268
    1204
    1243
    1280
    1201
    1241
    1265
    1250
    1305
    1208
    1236
    1277
    1239
    1276
    1241
    1299
    1247
    1277
    1248
    1226
    1267
    1231
    1199
    1245
    1274
    1241
    1311
    1285
    1320
    1283
    1177
    1295
    1189
    1166
    1263
    1230
    1203
    1277
    1259
    1239
    1270
    1259
    1226
    1308
    1278
    1212
    1313
    1243
    1239
    1225
    1324
    1265
    1249
    1265
    1252
    1314
    1281
    1294
    1227
    1231
    1236
    1221
    1220
    1276
    1308
    1289
    1247
    1288
    1300
    1282
    1206
    1284
    1325
    1255
    1290
    1252
    1209
    1246
    1311
    1239
    1260
    1214
    1299
    1295
    1304
    1376
    1227
    1254
    1245
    1217
    1202
    1267
    1289
    1304
    1263
    1259
    1230
    1229
    1330
    1316
    1276
    1277
    1263
    1297
    1304
    1250
    1296
    1331
    1322
    1326
    1256
    1372
    1262
    1313
    1318
    1354
    1315
    1297
    1294
    1240
    1282
    1310
    1258
    1277
    1337
    1364
    1319
    1338
    1276
    1374
    1270
    1191
    1319
    1291
    1321
    1338
    1319
    1359
    1350
    1312
    1303
    1370
    1293
    1324
    1334
    1341
    1304
    1400
    1338
    1343
    1383
    1360
    1432
    1391
    1427
    1321
    1358
    1374
    1388
    1381
    1395
    1408
    1360
    1391
    1428
    1393
    1449
    1407
    1482
    1394
    1423
    1438
    1481
    1452
    1410
    1470
    1437
    1457
    1460
    1478
    1468
    1462
    1478
    1374
    1463
    1484
    1470
    1397
    1437
    1428
    1521
    1462
    1480
    1477
    1557
    1476
    1473
    1516
    1416
    1582
    1441
    1457
    1495
    1435
    1532
    1474
    1442
    1435
    1496
    1479
    1478
    1520
    1451
    1479
    1450
    1484
    1504
    1483
    1452
    1470
    1492
    1486
    1472
    1472
    1514
    1376
    1475
    1381
    1496
    1381
    1520
    1509
    1467
    1471
    1525
    1518
    1499
    1485
    1461
    1467
    1467
    1482
    1468
    1453
    1550
    1472
    1511
    1438
    1470
    1476
    1439
    1518
    1504
    1399
    1492
    1455
    1497
    1501
    1565
    1499
    1432
    1500
    1483
    1474
    1494
    1541
    1504
    1464
    1433
    1465
    1446
    1411
    1504
    1455
    1466
    1555
    1481
    1504
    1474
    1479
    1470
    1446
    1443
    1429
    1473
    1506
    1513
    1491
    1476
    1530
    1511
    1494
    1473
    1517
    1521
    1485
    1491
    1442
    1523
    1469
    1488
    1528
    1556
    1492
    1425
    1550
    1481
    1473
    1479
    1472
    1539
    1484
    1493
    1485
    1491
    1490
    1371
    1452
    1544
    1514
    1511
    1468
    1457
    1460
    1450
    1465
    1506
    1533
    1495
    1524
    1467
    1505
    1509
    1568
    1506
    1527
    1460
    1507
    1564
    1552
    1470
    1583
    1495
    1513
    1526
    1497
    1512
    1531
    1432
    1521
    1474
    1454
    1443
    1408
    1481
    1449
    1493
    1518
    1487
    1535
    1485
    1480
    1440
    1441
    1461
    1455
    1525
    1457
    1460
    1597
    1499
    1461
    1504
    1520
    1525
    1494
    1425
    1449
    1535
    1513
    1504
    1403
    1458
    1490
    1430
    1354
    1421
    1461
    1479
    1568
    1455
    1515
    1503
    1468
    1435
    1410
    1460
    1531
    1475
    1509
    1534
    1478
    1418
    1490
    1501
    1479
    1478
    1469
    1412
    1459
    1451
    1473
    1495
    1383
    1472
    1510
    1548
    1427
    1412
    1465
    1513
    1508
    1483
    1503
    1490
    1427
    1489
    1460
    1436
    1438
    1454
    1470
    1516
    1508
    1468
    1451
    1434
    1503
    1527
    1527
    1460
    1438
    1450
    1485
    1384
    1576
    1528
    1504
    1512
    1436
    1523
    1545
    1435
    1506
    1503
    1454
    1461
    1490
    1456
    1469
    1440
    1481
    1518
    1459
    1457
    1454
    1493
    1462
    1424
    1503
    1469
    1442
    1504
    1421
    1509
    1440
    1483
    1491
    1459
    1412
    1495
    1414
    1416
    1461
    1444
    1534
    1474
    1497
    1435
    1484
    1458
    1421
    1450
    1569
    1446
    1491
    1531
    1469
    1486
    1433
    1423
    1439
    1505
    1486
    1454
    1507
    1475
    1468
    1481
    1475
    1468
    1464
    1514
    1475
    1437
    1516
    1511
    1450
    1456
    1576
    1456
    1567
    1552
    1553
    1472
    1555
    1455
    1488
    1499
    1429
    1492
    1540
    1478
    1555
    1467
    1482
    1527
    1471
    1446
    1556
    1412
    1463
    1453
    1491
    1455
    1479
    1523
    1565
    1509
    1557
    1466
    1463
    1506
    1466
    1569
    1506
    1470
    1460
    1509
    1504
    1571
    1591
    1517
    1530
    1546
    1470
    1538
    1554
    1515
    1572
    1494
    1523
    1565
    1513
    1551
    1498
    1547
    1513
    1538
    1548
    1484
    1531
    1574
    1553
    1582
    1526
    1580
    1540
    1505
    1578
    1485
    1563
    1554
    1569
    1551
    1558
    1589
    1579
    1502
    1524
    1492
    1554
    1585
    1576
    1573
    1554
    1588
    1499
    1579
    1568
    1554
    1616
    1514
    1527
    1622
    1640
    1537
    1509
    1623
    1713
    1614
    1641
    1602
    1557
    1573
    1616
    1643
    1642
    1624
    1605
    1622
    1613
    1641
    1586
    1607
    1566
    1582
    1641
    1649
    1726
    1667
    1600
    1662
    1624
    1544
    1646
    1578
    1590
    1607
    1677
    1576
    1661
    1653
    1599
    1690
    1646
    1657
    1594
    1643
    1643
    1685
    1720
    1711
    1641
    1723
    1670
    1684
    1708
    1629
    1674
    1759
    1711
    1712
    1684
    1768
    1688
    1706
    1646
    1687
    1750
    1748
    1632
    1705
    1774
    1710
    1759
    1762
    1783
    1825
    1721
    1707
    1636
    1780
    1705
    1714
    1798
    1807
    1756
    1769
    1764
    1833
    1699
    1749
    1813
    1708
    1720
    1773
    1693
    1757
    1711
    1673
    1783
    1777
    1746
    1639
    1770
    1756
    1759
    1745
    1677
    1769
    1825
    1670
    1837
    1846
    1766
    1750
    1811
    1745
    1723
    1687
    1836
    1718
    1688
    1767
    1723
    1787
    1734
    1765
    1761
    1787
    1784
    1743
    1688
    1772
    1744
    1720
    1750
    1689
    1699
    1770
    1668
    1669
    1617
    1670
    1670
    1673
    1712
    1619
    1664
    1613
    1607
    1693
    1600
    1671
    1625
    1643
    1564
    1592
    1499
    1534
    1552
    1527
    1594
    1487
    1517
    1514
    1533
    1502
    1411
    1387
    1441
    1449
    1411
    1437
    1338
    1361
    1347
    1333
    1408
    1356
    1288
    1326
    1373
    1263
    1280
    1253
    1234
    1240
    1233
    1227
    1280
    1179
    1188
    1116
    1188
    1216
    1205
    1175
    1243
    1232
    1182
    1212
    1111
    1160
    1173
    1148
    1141
    1134
    1139
    1141
    1138
    1145
    1099
    1128
    1102
    1088
    1119
    1113
    1124
    1049
    1118
     994
    1124
    1064
    1091
    1090
    1090
    1072
    1102
    1051
    1031
    1029
    1004
    1031
    1023
    1034
    1013
     991
    1071
     989
    1049
    1016
     976
     975
    1057
    1008
    1021
    1015
     954
     980
     997
     991
     953
    1003
     979
     978
    1026
     943
     973
     894
     975
     922
     957
     984
     990
     941
     943
     970
     887
     954
     978
     941
     913
     913
     903
     881
     996
     960
     910
     965
     885
     930
     816
     924
     879
     901
     914
     912
     920
     902
     881
     862
     866
     888
     918
     889
     917
     846
     836
     841
     832
     842
     792
     914
     850
     839
     788
     874
     839
     844
     861
     845
     835
     846
     902
     870
     825
     841
     865
     834
     836
     848
     813
     825
     789
     826
     827
     816
     797
     767
     768
     815
     818
     745
     762
     734
     766
     819
     767
     774
     813
     781
     836
     780
     772
     740
     788
     823
     779
     747
     779
     741
     752
     778
     754
     725
     732
     777
     729
     745
     782
     701
     771
     722
     703
     709
     743
     745
     766
     736
     716
     791
     744
     672
     708
     734
     734
     737
     709
     713
     721
     714
     648
     699
     650
     708
     739
     727
     711
     668
     724
     679
     684
     693
     663
     709
     697
     670
     684
     731
     656
     652
     680
     654
     670
     689
     675
     660
     699
     689
     653
     647
     659
     666
     670
     635
     645
     675
     648
     658
     687
     680
     637
     638
     600
     675
     620
     667
     640
     668
     626
     654
     664
     624
     626
     641
     662
     641
     645
     661
     681
     633
     670
     609
     656
     654
     700
     629
     672
     633
     624
     628
     631
     643
     650
     639
     648
     640
     615
     615
     635
     638
     639
     630
     635
     680
     633
     598
     644
     646
     640
     595
     623
     601
     643
     621
     661
     622
     568
     635
     590
     623
     617
     595
     644
     608
     674
     600
     618
     640
     632
     648
     636
     687
     577
     632
     652
     633
     662
     618
     597
     602
     608
     622
     633
     582
     661
     654
     610
     661
     590
     601
     607
     572
     628
     636
     646
     623
     647
     641
     698
     597
     639
     632
     609
     657
     590
     631
     610
     585
     654
     626
     665
     663
     652
     648
     581
     620
     638
     628
     627
     616
     602
     624
     647
     637
     649
     646
     652
     647
     635
     669
     644
     638
     683
     638
     645
     630
     662
     658
     661
     586
     663
     654
     632
     580
     619
     616
     657
     623
     628
     612
     652
     621
     636
     687
     654
     623
     668
     622
     638
     631
     752
     641
     628
     671
     640
     647
     660
     648
     635
     669
     656
     645
     691
     716
     674
     638
     670
     674
     667
     699
     692
     710
     670
     728
     721
     736
     681
     689
     675
     720
     666
     686
     689
     668
     675
     687
     700
     772
     690
     732
     705
     695
     720
     711
     692
     734
     752
     751
     790
     786
     801
     793
     823
     799
     796
     794
     821
     793
     857
     844
     836
     861
     868
     853
     864
     879
     885
     867
     873
     902
     907
     882
     929
     943
    1023
     956
    1003
    1003
    1054
     990
    1029
     980
    1033
    1079
    1094
    1055
    1151
    1122
    1141
    1142
    1206
    1152
    1228
    1213
    1204
    1280
    1252
    1312
    1311
    1353
    1325
    1354
    1344
    1409
    1387
    1447
    1459
    1512
    1534
    1573
    1599
    1636
    1619
    1633
    1721
    1674
    1723
    1671
    1697
    1782
    1857
    1915
    1835
    1974
    1859
    1981
    2043
    1989
    2089
    2135
    2109
    2260
    2271
    2384
    2381
    2553
    2439
    2607
    2667
    2701
    2791
    2878
    2873
    3061
    3025
    3103
    3242
    3464
    3540
    3625
    3777
    3846
    3987
    4125
    4217
    4272
    4573
    4679
    4839
    4964
    5233
    5450
    5804
    6050
    6450
    6670
    7038
    7351
    7833
    8301
    8863
    9551
    9909
   10410
   11010
   11592
   12500
   12727
   13338
   14050
   14416
   14883
   15368
   15655
   16222
   16381
   16601
   16863
   17251
   17499
   17470
   17762
   17548
   17671
   17361
   17296
   17186
   17077
   16881
   16492
   16161
   15995
   15424
   14994
   14465
   14098
   13529
   13214
   12680
   12200
   11861
   11274
   10764
    9946
    9434
    9017
    8298
    7775
    7053
    6507
    5939
    5153
    4456
    3906
    3297
    2623
    2275
    1919
    1615
    1265
    1057
     926
     823
     677
     583
     570
     537
     516
     493
     479
     480
     492
     492
     466
     475
     471
     472
     474
     466
     446
     400
     456
     429
     415
     441
     443
     448
     464
     463
     445
     443
     430
     398
     419
     419
     438
     415
     424
     454
     428
     419
     423
     427
     433
     391
     410
     430
     396
     408
     418
     438
     399
     387
     416
     354
     411
     404
     404
     429
     403
     408
     408
     367
     407
     359
     397
     389
     379
     370
     399
     373
     393
     406
     391
     395
     410
     375
     376
     390
     396
     354
     389
     383
     356
     353
     379
     387
     415
     368
     385
     351
     401
     369
     380
     392
     357
     343
     375
     381
     378
     360
     359
     354
     393
     384
     387
     408
     391
     366
     400
     402
     352
     394
     381
     390
     367
     388
     373
     378
     376
     363
     369
     351
     339
     351
     363
     351
     379
     396
     369
     355
     352
     369
     371
     368
     362
     357
     383
     389
     365
     367
     383
     340
     353
     366
     348
     352
     357
     336
     352
     350
     372
     347
     354
     350
     377
     336
     360
     349
     350
     328
     351
     369
     330
     345
     363
     372
     348
     383
     368
     346
     331
     377
     344
     347
     350
     331
     366
     329
     364
     405
     322
     356
     360
     342
     360
     338
     361
     344
     389
     333
     361
     354
     342
     359
     318
     398
     371
     368
     336
     356
     398
     340
     328
     365
     350
     343
     359
     341
     325
     354
     335
     363
     330
     314
     331
     315
     354
     362
     350
     344
     354
     338
     333
     332
     338
     361
     315
     352
     321
     333
     320
     310
     355
     346
     328
     326
     330
     342
     336
     355
     325
     315
     357
     353
     327
     339
     343
     346
     333
     302
     339
     335
     328
     329
     324
     315
     304
     321
     315
     356
     308
     326
     306
     324
     353
     339
     338
     332
     340
     337
     323
     326
     304
     339
     361
     289
     323
     334
     300
     329
     324
     338
     309
     313
     339
     354
     346
     324
     306
     325
     324
     341
     335
     318
     327
     309
     329
     347
     323
     306
     343
     354
     305
     361
     282
     350
     334
     369
     321
     325
     356
     289
     316
     349
     346
     325
     347
     313
     306
     345
     339
     319
     333
     310
     319
     334
     352
     314
     293
     326
     340
     324
     325
     299
     319
     326
     333
     321
     288
     296
     304
     323
     332
     346
     313
     332
     307
     313
     323
     310
     320
     325
     318
     334
     316
     335
     282
     300
     325
     284
     332
     334
     297
     305
     281
     310
     330
     333
     302
     298
     339
     340
     326
     281
     334
     317
     319
     327
     322
     343
     329
     302
     315
     321
     331
     308
     279
     340
     335
     315
     309
     323
     304
     299
     320
     329
     280
     313
     312
     330
     293
     289
     316
     315
     292
     327
     317
     289
     318
     341
     311
     291
     302
     341
     313
     300
     305
     342
     318
     330
     334
     310
     313
     288
     306
     308
     328
     327
     336
     308
     336
     332
     325
     305
     331
     327
     305
     329
     334
     310
     332
     319
     299
     314
     320
     320
     311
     287
     322
     353
     318
     314
     319
     324
     305
     315
     288
     318
     302
     326
     318
     292
     311
     321
     300
     325
     331
     285
     285
     299
     304
     302
     327
     278
     322
     313
     327
     342
     312
     304
     326
     304
     314
     314
     314
     332
     322
     323
     327
     302
     303
     294
     313
     320
     329
     312
     326
     300
     317
     295
     290
     313
     291
     321
     347
     313
     297
     301
     338
     308
     319
     311
     323
     320
     296
     295
     313
     292
     305
     326
     305
     296
     293
     304
     314
     315
     294
     331
     290
     334
     323
     314
     294
     302
     301
     322
     299
     288
     284
     304
     297
     315
     288
     306
     346
     298
     337
     303
     334
     342
     279
     304
     351
     332
     348
     326
     302
     306
     305
     355
     315
     298
     314
     320
     325
     337
     334
     337
     316
     307
     330
     298
     338
     300
     315
     326
     336
     326
     313
     335
     332
     309
     330
     324
     349
     303
     320
     324
     301
     314
     347
     356
     302
     319
     312
     330
     336
     297
     336
     340
     394
     344
     318
     333
     336
     337
     359
     333
     319
     314
     329
     331
     312
     309
     347
     293
     325
     279
     327
     325
     336
     327
     301
     333
     328
     350
     336
     324
     340
     325
     308
     341
     300
     275
     339
     336
     296
     342
     274
     335
     324
     280
     309
     301
     326
     320
     316
     320
     305
     313
     307
     312
     325
     326
     308
     340
     341
     315
     307
     300
     309
     328
     311
     319
     330
     282
     289
     331
     332
     340
     270
     324
     300
     321
     311
     293
     328
     315
     325
     305
     309
     336
     308
     313
     279
     284
     324
     285
     324
     266
     291
     274
     316
     323
     325
     296
     291
     266
     298
     318
     286
     328
     302
     315
     282
     305
     282
     309
     316
     294
     287
     318
     303
     276
     299
     282
     276
     295
     300
     313
     322
     312
     275
     295
     305
     287
     280
     320
     289
     323
     311
     288
     335
     330
     343
     298
     313
     308
     339
     334
     293
     294
     260
     314
     327
     324
     319
     323
     298
     311
     300
     336
     320
     329
     348
     296
     314
     327
     303
     332
     281
     306
     320
     293
     284
     295
     302
     339
     312
     303
     308
     324
     294
     298
     281
     297
     287
     344
     302
     321
     304
     313
     298
     302
     291
     296
     287
     293
     300
     310
     289
     292
     312
     269
     298
     309
     294
     292
     308
     316
     315
     306
     306
     313
     282
     308
     311
     290
     309
     321
     304
     283
     305
     314
     303
     278
     313
     290
     287
     306
     293
     324
     326
     266
     275
     302
     274
     287
     337
     285
     305
     301
     300
     272
     316
     315
     342
     297
     321
     305
     285
     302
     317
     295
     286
     315
     280
     284
     288
     304
     321
     299
     319
     319
     330
     305
     276
     302
     280
     295
     323
     280
     318
     296
     296
     327
     309
     314
     286
     315
     307
     317
     307
     319
     282
     311
     294
     343
     287
     294
     297
     292
     311
     315
     261
     314
     287
     324
     309
     313
     284
     299
     323
     318
     290
     319
     308
     277
     304
     275
     306
     298
     297
     297
     306
     319
     292
     336
     300
     310
     280
     298
     297
     275
     271
     302
     277
     297
     354
     297
     291
     289
     299
     295
     312
     291
     304
     288
     289
     318
     313
     275
     267
     279
     308
     315
     292
     319
     314
     295
     288
     299
     297
     291
     241
     270
     311
     296
     301
     323
     291
     269
     290
     314
     344
     273
     326
     267
     290
     292
     291
     300
     302
     301
     289
     299
     259
     303
     315
     293
     273
     271
     318
     258
     276
     305
     290
     296
     274
     260
     305
     295
     299
     311
     290
     298
     299
     257
     298
     317
     321
     319
     278
     300
     277
     297
     294
     267
     277
     310
     298
     320
     286
     280
     288
     276
     297
     267
     324
     306
     291
     278
     294
     282
     304
     294
     330
     309
     308
     278
     255
     297
     304
     306
     298
     286
     278
     290
     315
     302
     290
     324
     313
     253
     289
     277
     305
     320
     303
     286
     267
     278
     325
     294
     298
     285
     303
     323
     307
     289
     320
     282
     288
     288
     327
     270
     303
     285
     257
     300
     283
     288
     325
     300
     319
     263
     317
     313
     284
     311
     293
     300
     297
     280
     327
     282
     312
     262
     295
     311
     284
     288
     326
     281
     279
     287
     287
     306
     281
     301
     300
     333
     299
     297
     280
     281
     262
     316
     307
     279
     320
     291
     285
     279
     309
     302
     280
     288
     282
     284
     307
     317
     320
     298
     276
     303
     292
     326
     287
     303
     275
     300
     298
     297
     283
     280
     288
     286
     324
     319
     295
     309
     291
     321
     325
     301
     303
     314
     292
     291
     300
     283
     299
     271
     317
     310
     295
     305
     293
     292
     303
     317
     311
     283
     339
     299
     283
     292
     301
     295
     297
     284
     297
     271
     305
     277
     304
     295
     280
     307
     300
     264
     305
     287
     297
     294
     315
     273
     302
     262
     329
     272
     302
     311
     283
     272
     288
     302
     300
     308
     312
     279
     332
     277
     296
     289
     304
     277
     318
     306
     285
     312
     254
     317
     308
     300
     311
     320
     305
     294
     305
     285
     296
     310
     298
     292
     309
     320
     291
     285
     271
     291
     300
     313
     304
     292
     316
     315
     310
     325
     280
     302
     332
     267
     319
     299
     316
     304
     280
     263
     278
     283
     277
     299
     282
     313
     307
     276
     321
     296
     303
     276
     302
     309
     287
     307
     283
     296
     274
     320
     290
     293
     289
     296
     297
     297
     329
     296
     295
     285
     305
     322
     289
     302
     294
     297
     335
     305
     323
     290
     291
     291
     298
     302
     272
     303
     317
     298
     312
     286
     353
     285
     268
     326
     312
     308
     279
     312
     281
     317
     285
     313
     317
     305
     287
     316
     316
     318
     291
     310
     304
     318
     307
     301
     304
     299
     277
     297
     281
     321
     321
     275
     301
     311
     302
     305
     313
     323
     321
     309
     328
     284
     271
     297
     296
     300
     290
     296
     311
     329
     305
     339
     296
     301
     265
     316
     299
     311
     311
     284
     311
     325
     309
     314
     312
     303
     320
     289
     299
     329
     326
     282
     319
     282
     319
     320
     300
     263
     311
     308
     303
     325
     310
     283
     330
     309
     307
     310
     310
     287
     312
     325
     287
     316
     314
     318
     302
     316
     314
     326
     306
     336
     304
     342
     289
     323
     319
     312
     336
     315
     315
     272
     319
     305
     303
     380
     320
     319
     312
     317
     334
     303
     324
     297
     339
     333
     348
     325
     313
     319
     303
     354
     311
     297
     345
     319
     323
     343
     373
     305
     326
     309
     311
     331
     334
     314
     336
     348
     323
     321
     307
     306
     304
     327
     327
     316
     314
     354
     337
     331
     315
     305
     297
     324
     311
     289
     334
     345
     322
     340
     310
     328
     301
     316
     320
     308
     298
     331
     340
     325
     325
     303
     291
     307
     318
     315
     318
     320
     316
     281
     314
     341
     313
     351
     308
     338
     318
     307
     304
     371
     316
     309
     321
     350
     305
     325
     351
     315
     321
     341
     308
     319
     311
     322
     313
     306
     355
     362
     304
     333
     304
     324
     306
     325
     340
     332
     328
     335
     334
     326
     342
     324
     339
     380
     336
     317
     315
     308
     324
     333
     333
     352
     312
     309
     337
     348
     335
     321
     304
     336
     317
     349
     357
     316
     342
     293
     337
     359
     343
     339
     333
     324
     347
     325
     304
     358
     366
     304
     310
     332
     357
     304
     362
     330
     335
     334
     337
     316
     337
     358
     302
     313
     327
     368
     331
     371
     356
     350
     348
     318
     371
     351
     351
     323
     371
     362
     365
     321
     344
     339
     337
     316
     313
     330
     359
     324
     352
     344
     352
     360
     324
     347
     342
     352
     351
     361
     326
     362
     380
     355
     356
     348
     329
     374
     325
     346
     337
     342
     349
     356
     375
     379
     366
     388
     375
     354
     359
     312
     361
     328
     371
     344
     351
     362
     351
     354
     347
     319
     378
     345
     386
     348
     358
     320
     366
     344
     355
     342
     373
     328
     364
     366
     329
     369
     377
     369
     354
     343
     317
     340
     340
     355
     350
     331
     356
     352
     410
     357
     410
     347
     352
     356
     375
     364
     334
     359
     372
     389
     322
     394
     348
     375
     329
     358
     365
     376
     379
     363
     367
     377
     380
     370
     334
     345
     383
     390
     420
     381
     384
     376
     355
     374
     389
     389
     398
     376
     387
     364
     365
     370
     398
     397
     358
     409
     407
     364
     383
     364
     407
     408
     365
     411
     360
     368
     346
     399
     396
     391
     401
     333
     422
     393
     370
     427
     368
     393
     408
     373
     421
     389
     370
     402
     387
     354
     378
     371
     341
     392
     390
     371
     422
     385
     408
     406
     441
     399
     405
     398
     411
     361
     394
     425
     396
     378
     401
     409
     400
     417
     440
     398
     396
     408
     435
     400
     414
     375
     435
     390
     425
     419
     397
     407
     396
     433
     416
     429
     387
     413
     443
     452
     410
     390
     404
     431
     393
     393
     419
     416
     457
     413
     419
     463
     453
     418
     412
     429
     413
     411
     462
     426
     421
     439
     390
     402
     434
     421
     406
     407
     403
     417
     449
     432
     391
     395
     376
     428
     400
     398
     454
     465
     443
     393
     370
     402
     414
     386
     454
     441
     425
     396
     387
     376
     383
     371
     416
     392
     436
     413
     446
     411
     405
     445
     402
     421
     436
     422
     419
     418
     409
     406
     383
     417
     428
     453
     415
     432
     405
     465
     416
     434
     435
     445
     468
     410
     438
     440
     452
     415
     422
     433
     427
     406
     403
     435
     429
     421
     446
     475
     424
     445
     452
     413
     411
     417
     394
     425
     428
     452
     435
     431
     454
     412
     406
     431
     431
     417
     393
     436
     425
     452
     427
     476
     466
     433
     393
     394
     386
     451
     368
     393
     417
     409
     410
     419
     454
     426
     402
     399
     406
     433
     425
     444
     463
     423
     370
     396
     367
     378
     399
     394
     417
     377
     370
     355
     367
     386
     376
     362
     381
     406
     377
     349
     380
     371
     374
     387
     360
     344
     360
     370
     336
     384
     372
     372
     357
     347
     347
     382
     375
     357
     343
     358
     349
     337
     360
     334
     359
     339
     326
     356
     339
     325
     324
     311
     331
     336
     351
     340
     345
     289
     335
     333
     319
     317
     316
     313
     315
     301
     314
     341
     336
     306
     369
     338
     311
     319
     320
     323
     305
     316
     302
     315
     325
     307
     317
     307
     339
     331
     312
     298
     323
     338
     341
     284
     311
     315
     315
     311
     324
     318
     318
     333
     304
     303
     313
     287
     298
     289
     358
     322
     304
     266
     334
     298
     278
     312
     295
     341
     282
     307
     287
     298
     298
     298
     348
     297
     273
     339
     304
     309
     312
     299
     304
     283
     325
     312
     276
     297
     295
     309
     306
     301
     304
     309
     276
     294
     315
     327
     301
     316
     252
     301
     269
     315
     281
     298
     299
     264
     304
     253
     289
     308
     329
     279
     285
     248
     326
     287
     284
     296
     260
     296
     276
     267
     303
     247
     271
     288
     277
     278
     293
     233
     283
     313
     261
     289
     296
     291
     299
     287
     284
     285
     276
     267
     261
     280
     270
     286
     289
     257
     300
     271
     263
     314
     279
     256
     266
     276
     255
     264
     296
     267
     259
     288
     252
     287
     256
     264
     265
     259
     260
     265
     269
     254
     290
     276
     287
     257
     242
     281
     281
     271
     232
     267
     251
     256
     280
     239
     230
     237
     275
     269
     213
     238
     245
     258
     273
     256
     288
     271
     280
     254
     258
     262
     231
     260
     253
     245
     266
     240
     249
     244
     243
     268
     227
     265
     244
     251
     234
     259
     270
     235
     222
     259
     242
     248
     237
     250
     249
     266
     236
     235
     252
     234
     239
     227
     252
     214
     229
     249
     216
     233
     230
     233
     216
     231
     224
     237
     231
     242
     246
     230
     218
     239
     238
     229
     234
     196
     210
     231
     254
     239
     211
     214
     197
     209
     236
     241
     231
     221
     239
     212
     243
     220
     236
     201
     212
     218
     235
     201
     209
     212
     207
     213
     230
     235
     190
     223
     231
     196
     195
     234
     209
     196
     194
     216
     204
     236
     239
     198
     235
     192
     205
     208
     204
     202
     206
     197
     204
     200
     200
     226
     217
     220
     230
     215
     200
     183
     203
     227
     231
     199
     206
     197
     208
     205
     181
     177
     213
     188
     206
     185
     208
     206
     202
     196
     214
     208
     217
     184
     202
     174
     217
     209
     232
     191
     230
     194
     180
     188
     211
     195
     208
     174
     197
     204
     214
     192
     208
     200
     156
     205
     183
     192
     208
     207
     172
     192
     193
     207
     192
     196
     169
     179
     205
     163
     197
     194
     194
     186
     182
     202
     188
     200
     192
     184
     161
     196
     179
     164
     185
     182
     191
     201
     177
     196
     178
     193
     213
     201
     199
     170
     192
     216
     199
     188
     183
     194
     189
     186
     181
     163
     166
     183
     158
     178
     186
     169
     176
     164
     176
     206
     177
     159
     167
     186
     198
     176
     179
     179
     154
     163
     166
     184
     182
     205
     190
     163
     218
     169
     172
     180
     152
     180
     162
     174
     172
     171
     178
     149
     182
     188
     179
     183
     185
     211
     192
     182
     172
     172
     178
     163
     185
     186
     191
     189
     155
     184
     163
     182
     189
     186
     192
     156
     160
     173
     179
     179
     187
     167
     180
     169
     180
     181
     172
     179
     177
     188
     172
     152
     192
     164
     183
     177
     153
     170
     168
     156
     161
     166
     157
     169
     171
     180
     160
     164
     188
     171
     170
     173
     183
     190
     185
     178
     178
     191
     199
     173
     167
     156
     178
     168
     173
     176
     156
     142
     181
     190
     179
     168
     200
     178
     187
     168
     186
     181
     156
     169
     175
     174
     191
     203
     153
     161
     188
     200
     186
     198
     175
     192
     157
     185
     171
     189
     176
     187
     190
     187
     184
     163
     191
     168
     184
     180
     192
     178
     207
     203
     204
     201
     179
     183
     203
     187
     196
     196
     187
     187
     190
     207
     202
     209
     218
     201
     207
     208
     206
     213
     212
     212
     230
     225
     214
     215
     220
     212
     207
     238
     235
     231
     258
     224
     218
     249
     254
     232
     244
     285
     252
     227
     250
     263
     251
     264
     260
     273
     270
     289
     285
     253
     270
     290
     294
     289
     325
     292
     295
     299
     293
     285
     338
     313
     301
     319
     320
     294
     346
     347
     375
     372
     340
     379
     354
     371
     394
     370
     389
     368
     379
     415
     414
     421
     444
     413
     441
     464
     484
     492
     468
     481
     536
     501
     505
     498
     537
     543
     576
     566
     598
     612
     578
     624
     622
     679
     682
     691
     713
     737
     730
     739
     846
     803
     808
     856
     866
     878
     931
     998
    1039
    1094
    1123
    1161
    1185
    1272
    1299
    1352
    1409
    1484
    1636
    1672
    1651
    1871
    1941
    2013
    2183
    2167
    2397
    2520
    2579
    2769
    2935
    2969
    3064
    3151
    3266
    3353
    3447
    3555
    3610
    3651
    3680
    3776
    3828
    3829
    3796
    3838
    3897
    3756
    3835
    3709
    3753
    3718
    3503
    3611
    3379
    3343
    3370
    3229
    3101
    3024
    2991
    2814
    2747
    2632
    2484
    2432
    2273
    2128
    1976
    1927
    1662
    1587
    1505
    1348
    1274
    1113
     996
     904
     792
     694
     583
     509
     438
     411
     345
     318
     289
     278
     271
     271
     269
     264
     237
     216
     268
     222
     252
     228
     272
     230
     237
     222
     244
     216
     241
     276
     242
     217
     248
     237
     229
     222
     233
     245
     234
     239
     234
     239
     223
     230
     230
     222
     241
     233
     225
     208
     208
     202
     205
     229
     221
     227
     222
     213
     219
     192
     189
     211
     189
     197
     226
     199
     180
     218
     179
     218
     217
     202
     205
     242
     236
     222
     207
     205
     206
     223
     224
     201
     211
     193
     218
     192
     211
     211
     186
     220
     210
     223
     183
     194
     189
     203
     199
     215
     200
     187
     181
     216
     213
     212
     201
     205
     192
     206
     195
     208
     205
     208
     207
     205
     213
     215
     183
     193
     200
     198
     190
     177
     185
     203
     195
     196
     200
     187
     214
     178
     204
     180
     212
     185
     187
     216
     201
     183
     185
     188
     165
     188
     196
     175
     205
     194
     217
     191
     191
     154
     182
     190
     150
     189
     199
     193
     172
     219
     183
     196
     188
     179
     190
     196
     202
     175
     202
     172
     190
     190
     180
     199
     176
     187
     189
     223
     197
     196
     199
     190
     201
     152
     214
     186
     151
     198
     204
     176
     186
     212
     157
     192
     176
     175
     181
     156
     197
     188
     178
     196
     193
     194
     182
     184
     168
     178
     175
     178
     164
     182
     171
     200
     207
     190
     199
     198
     180
     170
     177
     189
     211
     190
     168
     180
     189
     193
     182
     182
     176
     152
     186
     185
     179
     171
     181
     169
     197
     187
     168
     187
     204
     161
     157
     184
     176
     196
     156
     167
     169
     192
     169
     151
     180
     180
     184
     166
     196
     196
     189
     202
     186
     172
     165
     172
     165
     187
     160
     194
     186
     169
     196
     198
     161
     183
     167
     195
     178
     189
     169
     185
     173
     173
     180
     196
     184
     199
     173
     165
     170
     197
     208
     203
     176
     173
     196
     192
     164
     180
     161
     162
     168
     177
     180
     172
     168
     171
     151
     171
     166
     170
     194
     163
     187
     190
     166
     171
     159
     158
     174
     169
     173
     178
     184
     159
     167
     177
     183
     174
     175
     169
     150
     186
     159
     167
     158
     155
     188
     158
     177
     165
     159
     176
     164
     185
     169
     183
     152
     169
     151
     185
     166
     174
     195
     159
     175
     158
     160
     156
     172
     188
     151
     175
     161
     163
     169
     168
     158
     181
     163
     159
     170
     169
     177
     191
     188
     172
     168
     163
     142
     161
     160
     195
     174
     179
     192
     171
     153
     139
     165
     165
     182
     168
     165
     149
     179
     179
     157
     145
     195
     157
     166
     161
     162
     152
     180
     176
     166
     155
     180
     165
     188
     158
     181
     161
     181
     158
     200
     165
     140
     151
     186
     151
     164
     180
     159
     175
     165
     162
     183
     166
     185
     170
     186
     158
     153
     169
     205
     156
     189
     176
     177
     181
     174
     151
     190
     175
     140
     177
     148
     156
     183
     154
     164
     170
     178
     180
     137
     173
     144
     163
     164
     150
     167
     163
     140
     172
     160
     175
     157
     168
     171
     167
     156
     175
     190
     146
     153
     180
     157
     168
     149
     170
     166
     140
     170
     182
     160
     164
     142
     157
     162
     163
     165
     169
     180
     161
     169
     153
     179
     162
     188
     176
     157
     165
     178
     135
     151
     171
     170
     167
     181
     166
     168
     163
     167
     162
     204
     173
     187
     195
     182
     174
     158
     162
     174
     167
     153
     136
     173
     166
     143
     182
     171
     168
     167
     189
     164
     151
     167
     162
     139
     164
     165
     156
     158
     170
     166
     173
     166
     175
     159
     159
     165
     142
     173
     166
     149
     180
     131
     174
     135
     151
     175
     130
     174
     183
     148
     177
     162
     165
     170
     163
     150
     181
     165
     173
     150
     150
     167
     166
     180
     169
     170
     167
     158
     194
     167
     148
     159
     162
     155
     180
     167
     146
     174
     171
     151
     155
     152
     152
     166
     181
     180
     180
     156
     185
     175
     152
     198
     191
     192
     179
     175
     175
     173
     177
     189
     154
     149
     150
     195
     189
     146
     179
     199
     188
     193
     196
     173
     188
     161
     185
     192
     162
     185
     179
     185
     201
     185
     171
     182
     158
     155
     177
     181
     184
     170
     144
     158
     183
     160
     173
     183
     176
     167
     153
     161
     177
     159
     175
     176
     178
     149
     188
     156
     165
     166
     177
     169
     167
     175
     157
     169
     173
     153
     176
     169
     151
     167
     145
     149
     169
     169
     157
     170
     201
     170
     148
     151
     149
     165
     162
     159
     160
     150
     183
     162
     189
     162
     176
     141
     140
     164
     162
     155
     190
     168
     136
     160
     166
     171
     151
     155
     153
     145
     169
     163
     146
     147
     147
     155
     155
     162
     145
     171
     185
     169
     154
     166
     166
     181
     166
     174
     170
     159
     165
     164
     158
     155
     167
     173
     159
     155
     161
     160
     158
     175
     152
     183
     159
     152
     178
     181
     169
     146
     158
     161
     155
     160
     153
     165
     173
     168
     163
     168
     176
     182
     168
     170
     156
     153
     155
     162
     162
     126
     187
     162
     160
     175
     154
     151
     143
     186
     172
     151
     175
     164
     172
     175
     137
     163
     160
     172
     156
     161
     190
     160
     159
     173
     158
     159
     158
     155
     160
     174
     163
     150
     183
     170
     191
     165
     175
     153
     176
     161
     168
     150
     164
     170
     152
     192
     174
     190
     175
     159
     157
     166
     167
     159
     159
     176
     159
     197
     170
     148
     135
     181
     169
     169
     150
     168
     162
     148
     141
     170
     163
     174
     156
     183
     172
     164
     159
     129
     162
     175
     141
     194
     176
     168
     179
     161
     161
     169
     160
     174
     144
     147
     154
     166
     154
     173
     149
     174
     159
     169
     178
     179
     159
     169
     142
     155
     170
     158
     152
     152
     172
     160
     169
     153
     159
     160
     162
     150
     165
     169
     170
     168
     185
     176
     180
     162
     180
     167
     174
     179
     170
     172
     183
     174
     171
     181
     169
     162
     178
     173
     134
     188
     138
     166
     166
     140
     163
     183
     179
     181
     172
     188
     157
     176
     165
     179
     178
     159
     156
     162
     180
     164
     195
     164
     150
     185
     173
     178
     144
     160
     158
     176
     192
     155
     196
     179
     154
     185
     208
     161
     143
     183
     160
     179
     158
     189
     153
     150
     171
     143
     193
     180
     153
     147
     171
     174
     182
     190
     204
     171
     173
     163
     179
     180
     151
     181
     173
     182
     152
     183
     168
     159
     162
     170
     188
     160
     163
     166
     195
     176
     198
     163
     196
     168
     165
     174
     172
     178
     157
     163
     168
     185
     172
     164
     176
     134
     186
     168
     166
     161
     180
     162
     165
     184
     152
     170
     165
     174
     155
     142
     157
     171
     150
     171
     167
     150
     185
     152
     162
     161
     155
     165
     168
     171
     168
     157
     157
     148
     148
     180
     153
     174
     154
     164
     138
     140
     155
     155
     165
     143
     165
     160
     176
     171
     156
     148
     154
     159
     165
     153
     149
     131
     151
     145
     150
     157
     153
     164
     155
     131
     140
     145
     152
     150
     142
     163
     149
     127
     150
     148
     143
     140
     152
     148
     141
     147
     153
     144
     149
     146
     134
     161
     149
     149
     180
     154
     148
     146
     155
     162
     160
     155
     154
     142
     137
     132
     138
     151
     162
     144
     137
     138
     151
     148
     155
     155
     137
     154
     136
     151
     155
     160
     154
     142
     138
     192
     161
     134
     157
     153
     168
     128
     164
     148
     138
     149
     155
     145
     151
     138
     136
     151
     138
     131
     128
     126
     152
     128
     142
     129
     150
     122
     138
     145
     148
     127
     143
     112
     143
     150
     135
     131
     138
     126
     130
     147
     138
     137
     149
     130
     131
     136
     126
     115
     146
     140
     141
     122
     138
     137
     111
     133
     132
     144
     130
     118
     126
     116
     118
     143
     110
     112
     129
     124
     112
     123
     107
     105
     129
     110
     112
     104
     143
     106
     127
     117
     114
     115
     132
      96
     118
     107
     114
     109
     108
     107
     114
      88
      99
     104
      99
     112
     116
      96
     107
      97
     107
     103
      98
      89
     115
      88
     107
      87
     114
      99
      91
      95
     107
     102
      95
      83
     104
     103
     114
     118
      96
     105
      93
      90
      84
     100
      92
     109
      95
      97
      92
     102
     108
      79
     111
      78
      89
      92
      77
      88
      90
      77
     102
      88
      79
      91
     105
      83
      94
      70
     100
      92
      83
      85
      89
      70
      85
      82
      87
      73
      82
      81
      93
      91
      83
      93
      80
      78
      75
      99
      80
      86
      84
      70
      74
      75
      66
      79
      63
      76
      72
      91
      71
      85
      79
      78
      73
      79
      62
      65
      71
      80
      71
      70
      93
      65
      80
      83
      71
      77
      75
      75
      64
      75
      79
      85
      71
      83
      61
      68
      63
      83
      52
      74
      70
      73
      68
      66
      76
      70
      68
      70
      79
      72
      60
      78
      68
      74
      78
      74
      63
      68
      57
      72
      72
      62
      57
      74
      60
      82
      61
      63
      54
      52
      57
      59
      61
      69
      52
      57
      55
      54
      65
      68
      60
      52
      52
      44
      69
      51
      50
      70
      66
      70
      74
      55
      58
      64
      50
      49
      65
      50
      53
      57
      54
      63
      61
      59
      62
      56
      63
      73
      69
      50
      51
      48
      61
      69
      49
      64
      64
      48
      58
      39
      51
      47
      47
      54
      54
      69
      46
      67
      60
      55
      55
      58
      42
      56
      53
      45
      44
      56
      51
      66
      51
      52
      56
      47
      56
      43
      39
      56
      67
      48
      52
      45
      48
      52
      53
      55
      40
      50
      41
      63
      44
      58
      69
      55
      56
      45
      47
      55
      51
      42
      58
      44
      59
      42
      58
      45
      51
      43
      53
      54
      54
      39
      52
      51
      50
      58
      48
      46
      38
      58
      47
      42
      59
      44
      56
      42
      49
      58
      60
      53
      49
      57
      58
      44
      46
      50
      51
      48
      52
      50
      43
      56
      40
      50
      36
      59
      45
      47
      62
      48
      46
      38
      38
      48
      59
      53
      44
      54
      54
      48
      46
      52
      43
      53
      44
      54
      65
      58
      44
      36
      41
      41
      49
      51
      48
      39
      34
      44
      51
      46
      57
      49
      47
      44
      42
      60
      35
      46
      44
      55
      59
      57
      44
      43
      50
      60
      36
      47
      40
      52
      38
      37
      41
      49
      31
      58
      35
      49
      47
      48
      39
      41
      61
      54
      52
      53
      49
      52
      44
      45
      48
      44
      46
      47
      46
      38
      62
      45
      33
      50
      40
      42
      60
      50
      45
      46
      46
      36
      61
      47
      47
      49
      43
      45
      55
      48
      51
      47
      53
      52
      36
      45
      52
      46
      44
      53
      56
      46
      55
      39
      44
      49
      41
      47
      42
      61
      59
      58
      56
      61
      43
      61
      40
      49
      54
      44
      50
      55
      52
      66
      43
      62
      60
      43
      49
      60
      48
      46
      60
      54
      57
      45
      52
      54
      49
      49
      52
      50
      39
      55
      66
      48
      50
      54
      47
      66
      61
      73
      53
      67
      59
      51
      53
      91
      67
      62
      71
      67
      66
      68
      66
      69
      56
      76
      81
      70
      82
      81
      72
      88
      82
      81
      79
      71
      81
      83
      85
      95
      78
      76
      90
     101
     102
      83
     106
     115
     108
     112
     110
      94
      97
     111
     107
     113
     104
     115
     117
     126
     128
     113
     116
     126
     124
     136
     121
     125
     123
     150
     162
     134
     138
     149
     148
     163
     159
     186
     190
     169
     195
     190
     190
     205
     225
     175
     209
     226
     243
     244
     256
     249
     271
     282
     299
     301
     314
     336
     375
     397
     399
     374
     405
     448
     438
     454
     511
     497
     530
     591
     597
     585
     657
     653
     708
     715
     783
     754
     757
     794
     814
     818
     849
     875
     851
     877
     882
     866
     884
     881
     928
     801
     810
     842
     804
     835
     798
     782
     794
     788
     709
     747
     691
     651
     617
     600
     532
     559
     572
     516
     509
     459
     407
     405
     382
     323
     330
     255
     288
     218
     216
     201
     188
     158
     138
     138
     126
      89
      91
      80
      62
      48
      48
      57
      26
      36
      39
      28
      30
      22
      15
      15
      18
      25
      25
      16
      22
      22
      30
      19
      13
      18
      17
      17
      18
      24
      21
      21
      28
      21
      22
      23
      27
      24
      21
      22
      16
      12
      23
      24
      21
      23
      14
      23
      23
      23
      15
      16
      14
      18
      16
      27
      23
      21
      26
      21
      16
      12
      15
      26
      14
      21
      18
      17
       9
      25
      14
      15
      14
      13
      18
      12
      15
      19
      14
      24
      18
      10
      19
      14
      16
      14
      16
      20
      13
      21
      21
      22
      14
      12
      22
      21
      11
      23
      15
      15
      16
      14
      12
      10
      18
       8
      20
      19
      15
      17
      17
      16
      23
      23
      18
      16
      21
      31
      14
      20
      15
      16
      21
      18
      19
      15
      14
      12
      18
      18
       8
      19
      25
      14
      12
      18
      12
      16
      13
      13
      15
      15
      20
      10
      23
      13
      14
      14
      21
      16
      12
      20
       9
      15
      19
      10
      17
      17
      19
      13
      12
      18
      12
      11
      16
      14
      20
      17
      15
       9
      15
       9
      16
      18
      19
      18
      18
      12
      13
      12
      23
       9
      17
      17
      13
      22
      15
      10
      13
      12
       8
      17
      17
      14
      13
      16
      15
      15
      19
       8
      11
      14
      11
      19
      11
       9
      14
       8
      18
      17
       8
      13
      14
      13
      12
      12
      11
       7
      14
      19
      21
      16
      18
      13
      18
      17
       8
      13
      23
      10
      11
      13
      16
      19
       2
      19
      10
       7
      24
      15
      15
      15
      13
      14
      13
      12
      13
      14
       8
      17
      16
      16
      15
      12
      16
       7
      15
      10
      12
      10
      16
       9
      10
      16
      10
      16
      16
      16
      19
      13
      14
      15
      11
       8
      13
       6
      13
      13
       9
      14
      21
      17
      13
      10
       9
      14
      14
      17
      13
       8
       9
      11
      12
      11
      16
      10
      13
      10
      12
      14
       9
      12
      13
      15
      10
       7
       9
      14
      15
      13
      12
       9
      16
      13
       8
       7
      17
      10
      18
       6
       9
      11
      17
      19
       9
       9
      13
      13
      13
      14
      10
      11
      12
      12
      17
       9
      10
      14
      12
      20
      10
      18
      20
      14
       8
      13
       9
      12
      10
      13
       7
      13
       9
       7
       9
      12
      15
      13
      12
       8
      11
      15
      20
       8
      15
       7
      15
      17
      18
      15
      10
      10
       7
      11
       5
      13
      16
      14
       9
      15
      12
      13
       4
      12
       7
      15
      12
       9
      15
      14
      10
      16
      10
      11
       9
      10
       9
       9
      10
      16
      12
      14
      10
       7
      11
       9
      11
       6
       2
      15
      11
       8
      10
      13
       5
      16
      15
      10
      13
       8
       9
      11
       9
      20
      16
       8
      12
      16
      13
      17
      11
       4
      16
      13
       5
       7
       8
       9
       7
       8
       9
      10
      10
      16
      14
       8
       7
      13
      11
       8
      11
      10
      15
      12
      14
      14
      15
       9
      14
       5
      11
      10
       7
      10
       8
       8
      11
       6
       6
       6
      11
      12
      10
      11
      19
      11
       8
       6
       7
       9
      18
      15
       9
      15
       7
      11
      13
      15
       7
       8
      12
      13
      10
      13
      10
       6
      10
      12
      19
      12
      10
       7
      13
      12
       6
      14
       6
      10
       9
      10
      11
      10
       7
       9
      15
      10
       8
      14
      10
      11
       9
       5
       9
       8
      10
      13
       6
      15
       6
      12
       8
       5
      16
       7
       9
      15
       6
      10
       8
       9
       7
       8
      12
       9
      13
       6
       8
      11
      10
      12
       8
      11
      12
      14
       4
      11
      11
      13
       8
       8
       8
      12
       7
       7
      13
       7
      14
      16
       6
       8
       9
      15
      10
       7
      13
       8
       7
       7
      12
      10
       9
      11
      12
      16
       7
      12
      15
      17
      13
      13
      13
       8
       7
       4
       8
       9
      11
       7
      13
      11
       8
      13
      10
       7
      11
      13
      16
      16
      12
      11
      14
      14
       7
       6
       6
      15
      12
       7
       8
       6
       8
       7
       7
       7
      13
      18
      14
      11
       7
      11
      16
      13
       9
       9
      13
       4
      14
      13
       6
      14
       5
       7
       8
       7
       9
       5
       7
      19
      10
       8
      12
       6
       8
       9
      11
       6
      14
      10
       8
       8
      11
      14
      11
       7
      14
       6
       8
       7
      10
       9
      12
      11
       6
       6
       8
       9
       9
      12
       8
      10
      16
      10
       6
      10
      15
       8
       7
      10
       7
      12
       9
      10
       6
       8
       9
       9
       7
       9
       9
       4
       9
       9
      15
       6
       8
      11
       6
       8
      12
       5
       6
       9
       8
       9
       7
       8
       5
      11
       8
       8
      13
      11
       9
       9
       7
       7
       9
       6
       8
       8
      12
       9
       7
      13
       8
       8
       6
       8
       9
      13
       8
       9
       8
       9
      10
       8
       7
       7
      12
      14
       8
       7
      12
      10
       4
      15
      10
       5
       2
       6
      10
       4
       7
       5
       8
       6
       3
       4
       7
       8
       9
       3
      12
      11
       9
      10
       8
       9
       6
       1
      11
       7
       4
       9
       6
      11
       4
       5
      10
       8
       6
      14
       9
       3
       8
       8
       6
       9
       7
      10
       7
      10
       8
      13
       3
       4
       9
       8
       7
       6
       9
       9
       8
       7
       8
      12
       6
       9
       8
       6
       8
       4
       7
       7
      10
       7
       7
       8
       6
       6
       3
       3
      11
       8
       4
      13
       6
       5
       6
       9
       8
       6
       7
       5
       9
       5
       6
       6
       4
       3
      10
       8
      13
       5
       4
       6
      11
       6
      10
       7
       5
       4
       5
       6
       9
      11
      14
       9
       9
       2
       9
       9
       3
       9
       5
       4
       7
      12
       6
       4
      10
      10
       9
       8
       2
       5
       7
      10
      11
      11
       3
       7
       6
       7
       9
       8
       5
       7
       3
       7
       6
      14
       5
       4
       7
       6
       5
       6
      11
      11
      12
       7
       3
       6
       8
       7
       7
       6
       6
       8
       7
       8
       6
       8
       9
       7
       9
       7
      10
       4
      10
       6
       6
       5
      10
       6
       7
       7
       5
       9
       2
       5
       6
       9
       4
       8
       6
       9
       4
       6
       7
       5
       7
       3
       4
       6
       9
       4
       3
       7
      11
       7
       8
       5
       8
       9
       6
      10
       4
       9
       2
       7
       9
       6
       7
       5
       9
       3
       5
       5
       8
       3
       8
       4
      10
       9
      11
       8
       7
       3
       5
      10
       5
       6
       3
       6
       5
      13
       6
       5
       6
      10
       5
       6
       5
       7
       6
       9
       6
       8
       6
       7
       8
       4
      12
       7
       7
       4
      11
       7
       7
       4
       7
       9
       3
       5
       3
       8
       8
       6
       8
      11
       4
       2
       5
       3
       2
       4
       2
       5
       2
       4
       3
       9
       6
       7
       4
       5
       3
       5
       6
       5
       8
       7
       4
       9
       6
       5
       2
       6
       3
       3
       2
       5
       6
       6
       6
       1
       8
       5
       9
       5
       3
       9
      10
       9
       3
       4
       5
      10
      11
       3
       8
       6
       8
       7
       7
       8
       6
       4
      10
      12
       5
       3
       8
       4
       9
       4
       6
       4
       8
       4
       7
       6
       6
       4
       5
       7
       6
      10
       4
       7
       2
       5
       6
       7
       6
       8
       6
       8
       2
       4
       6
       8
       8
       3
       4
       9
       6
      10
       4
       6
       5
       5
       5
       4
       7
       6
       6
       6
       6
       3
       4
       3
       2
       5
       5
       7
       5
       9
       2
       2
       5
      10
      10
       6
       3
       2
       6
       4
       9
       4
       7
       3
       4
       5
       8
       7
       5
       3
       5
       6
       7
       5
       6
       4
       2
       4
       3
       5
       5
       4
       3
       7
       4
       6
       7
       2
       3
       4
       2
       6
       7
       4
       2
       4
       4
       4
       2
       6
       5
       4
       3
       7
       5
       4
       4
       5
       7
       6
       5
      10
       6
       7
       5
       6
       4
      10
       4
       2
       7
       3
       1
       6
       4
       7
       3
       5
       4
       3
       6
       3
       4
       7
       4
       8
       3
       5
       4
       9
       5
       7
       3
       1
       9
       4
       5
       7
       7
       8
       2
       5
       5
       2
       9
       2
      11
       5
       6
       5
      10
       5
       8
       4
       7
       5
       3
       4
       9
       8
       3
       2
       3
       4
       1
       9
       4
       4
       6
       5
       4
       5
       2
       3
       3
       3
       3
       9
       3
       5
       7
       7
       5
       9
       7
       6
       3
       5
       9
       3
       5
       3
       2
       4
       4
       4
       4
       3
       4
       4
       5
      10
       4
       9
       5
       6
       3
       3
       9
       5
       1
       4
       7
       7
       4
       4
       4
       8
      10
       1
       6
       5
       5
       4
       4
       8
       4
       4
       0
       3
       5
       3
       5
       5
       4
       2
       2
       8
       5
       4
       3
       7
       6
       7
       2
       5
       5
       6
       2
       5
       4
       3
       7
       3
       9
       3
       5
       2
       2
       5
       4
       6
       3
       5
       4
       1
       2
       2
       2
       4
       4
       7
       7
       4
       3
       3
       5
       7
       3
       4
       8
       3
       5
       4
       3
       3
       5
       6
       3
       1
       0
       2
       6
       5
       5
       6
       1
       5
       3
       6
       6
       3
       2
       4
       4
       4
       3
       5
       3
       6
       4
       4
       3
       8
       3
       4
       7
       6
       4
       8
       2
       3
       4
       3
       3
       0
       3
       0
       2
       3
       5
       5
       4
       1
       5
       2
       2
       4
       2
       8
       6
       5
       2
       3
       2
       4
       4
       6
       5
       3
       7
       6
       4
       2
       8
       5
       3
       3
       4
       6
       3
       8
       4
       5
       3
       2
       6
       3
       6
       5
       4
       1
       7
       1
       4
       1
       2
       3
       6
       2
       2
       4
       5
       6
       6
       4
       6
       7
       2
       2
       8
       7
       7
       5
       5
       5
       8
       2
       3
       5
       1
       3
       6
       5
       2
       3
       3
       7
       5
       3
       3
       2
       5
       7
       3
       4
       8
       7
       3
       2
       2
       4
       9
       5
       3
       5
       4
       3
       4
       2
       6
       4
       5
       6
       4
       4
       4
       4
       4
       1
       8
       4
       5
       1
       3
       2
       5
       4
       5
       5
       4
       4
       5
       3
       1
       3
       3
       4
       5
       2
       4
       4
       5
       2
       4
       3
       6
       7
       5
       2
       3
       6
       3
       1
       4
       1
       3
       3
       0
       7
       4
       5
       0
       0
       0
       0
       0
       0
       0
       0
       0
       0
       0
       0
       0
       0
       0
       0
       0
       0
       0
       0
       0
       0
       0
       0
       0
       0
       0
       0
       0
       0
       0
       0
       0
       0
       0
       0
       0
       0
       0
       0
       0
       0
       0
       0
       0
       0
       0
       0
       0
       0
       0
       0
       0
       0
       0
       0
       0
       0
       0
       0
       0
       0
       0
       0
       0
       0
       0
       0
       0
       0
       0
       0
       0
       0
       0
       0
       0
       0
       0
       0
       0
       0
       0
       0
       0
       0
       0
       0
       0
       0
       0
       0
       0
       0
       0
       0
       0
       0
       0
       0
       0
       0
       0
       0
       0
       0
       0
       0
       0
       0
       0
       0
       0
       0
       0
       0
       0
       0
       0
       0
       0
       0
       0
       0
       0
       0
       0
       0
$ROI:
0
$PRESETS:
Real Time
450
0
$ENER_FIT:
0.000000 0.000000
$MCA_CAL:
3
0.000000E+000 0.000000E+000 0.000000E+000 
$SHAPE_CAL:
3
0.000000E+000 0.000000E+000 0.000000E+000
