$SPEC_ID:
No sample description was entered.
$SPEC_REM:
DET# 1
DETDESC# NOISEPC Easy-MCA-8k SN 12310217
AP# Maestro Version 7.01
$DATE_MEA:
06/15/2022 20:03:45
$MEAS_TIM:
61923 62035
$DATA:
0 8191
       0
       0
       0
       0
       0
       0
       0
       0
       0
       0
       0
       0
       0
       0
       0
       0
       1
       0
       0
       0
       0
       0
       0
       0
       0
       0
       0
       0
       0
       0
       0
       0
       0
       0
       0
       0
       0
       0
       0
       0
       0
       0
       0
       1
       0
       0
       0
       0
       0
       0
       0
       0
       0
       0
       0
       0
       0
       0
       0
       0
       0
       7
       9
      25
      39
      47
     175
    2546
    4767
    4775
    4820
    4839
    4684
    4657
    4661
    4630
    4559
    4583
    4541
    4603
    4387
    4331
    4498
    4345
    4336
    4298
    4228
    4157
    4284
    4166
    4202
    4235
    4192
    4140
    4047
    4044
    4125
    4111
    4116
    4035
    3930
    3970
    4006
    3988
    3964
    3893
    3931
    3950
    3974
    3868
    3861
    3848
    3898
    3883
    3766
    3728
    3821
    3809
    3806
    3731
    3898
    3730
    3762
    3701
    3629
    3854
    3672
    3572
    3724
    3738
    3647
    3684
    3685
    3634
    3718
    3643
    3586
    3697
    3597
    3669
    3632
    3558
    3476
    3668
    3551
    3593
    3642
    3538
    3680
    3487
    3630
    3451
    3576
    3511
    3484
    3511
    3499
    3595
    3482
    3435
    3467
    3532
    3445
    3482
    3435
    3500
    3452
    3415
    3428
    3417
    3437
    3416
    3589
    3382
    3378
    3615
    3431
    3439
    3451
    3452
    3442
    3534
    3417
    3418
    3441
    3551
    3424
    3450
    3577
    3515
    3519
    3695
    3579
    3385
    3486
    3504
    3562
    3574
    3573
    3440
    3472
    3439
    3489
    3523
    3534
    3493
    3553
    3713
    3637
    3685
    3693
    3786
    3604
    3666
    3601
    3691
    3761
    3779
    3674
    3748
    3758
    3821
    3787
    3680
    3959
    3919
    3793
    3962
    3899
    3943
    3913
    3867
    4075
    3873
    3910
    4118
    3987
    4064
    4128
    4072
    3950
    4133
    4200
    4132
    4233
    4274
    4303
    4356
    4342
    4385
    4372
    4443
    4539
    4517
    4608
    4457
    4561
    4522
    4647
    4581
    4541
    4817
    4766
    4658
    4815
    5057
    5002
    5093
    5076
    4994
    4915
    4820
    4992
    5244
    5326
    5531
    5346
    5078
    5143
    4999
    5037
    5037
    5021
    5123
    5240
    5135
    5258
    5254
    5359
    5278
    5348
    5374
    5283
    5466
    5565
    5503
    5474
    5451
    5630
    5767
    5770
    5711
    5761
    5763
    5827
    5880
    5766
    5916
    6012
    5921
    6081
    6183
    6222
    6108
    6036
    6068
    6099
    5949
    6109
    6172
    6322
    6299
    6375
    6323
    6046
    6347
    6283
    6405
    6312
    6428
    6622
    6764
    6660
    6720
    6511
    6554
    6528
    6381
    6485
    6513
    6467
    6558
    6514
    6562
    6629
    6584
    6739
    6649
    6611
    6699
    6666
    6731
    6901
    6898
    6780
    6693
    6840
    6772
    6737
    6765
    6739
    6843
    7011
    7055
    6844
    6871
    7000
    6969
    6997
    7039
    6931
    6938
    7125
    7043
    6935
    7000
    7147
    7148
    7159
    7246
    7100
    7176
    7117
    7245
    7147
    7142
    7166
    7136
    7282
    7246
    7173
    7165
    7161
    7271
    7265
    7310
    7293
    7335
    7137
    7428
    7201
    7283
    7264
    7408
    7397
    7254
    7251
    7330
    7388
    7448
    7314
    7315
    7274
    7338
    7462
    7351
    7399
    7584
    7312
    7293
    7270
    7449
    7269
    7217
    7291
    7374
    7395
    7528
    7524
    7307
    7462
    7285
    7368
    7471
    7372
    7392
    7387
    7432
    7348
    7427
    7358
    7316
    7254
    7405
    7345
    7343
    7250
    7363
    7290
    7516
    7433
    7491
    7200
    7262
    7442
    7304
    7321
    7417
    7380
    7341
    7359
    7513
    7456
    7450
    7375
    7357
    7386
    7212
    7318
    7226
    7275
    7106
    7422
    7211
    7285
    7212
    7234
    7341
    7198
    7237
    7202
    7050
    7121
    7266
    7155
    7061
    7294
    7116
    7102
    7160
    7166
    6925
    7035
    7166
    7216
    7090
    7151
    7052
    7113
    7014
    7227
    7132
    7035
    7013
    7078
    7164
    6893
    6877
    6889
    7115
    6892
    6952
    6942
    6874
    6914
    6940
    7027
    6925
    6862
    6917
    6907
    6826
    6915
    6770
    6795
    6837
    6713
    6733
    6761
    6793
    6804
    6799
    6799
    6695
    6844
    6708
    6684
    6641
    6625
    6697
    6825
    6615
    6704
    6723
    6668
    6528
    6574
    6595
    6611
    6443
    6449
    6602
    6619
    6425
    6611
    6618
    6402
    6592
    6478
    6432
    6461
    6412
    6437
    6307
    6284
    6450
    6487
    6425
    6317
    6391
    6319
    6246
    6360
    6170
    6269
    6349
    6127
    6267
    6092
    6285
    6207
    6272
    6177
    6131
    6274
    6223
    6176
    6238
    6063
    6110
    6125
    6122
    6043
    6179
    6122
    5923
    6150
    6042
    5959
    5947
    5999
    5971
    6051
    5929
    5953
    5980
    5940
    5962
    6014
    5913
    6044
    5889
    5861
    6044
    5938
    5724
    5857
    5791
    5868
    5877
    5869
    5871
    5830
    5878
    5985
    5905
    5822
    5840
    5694
    5776
    5747
    5640
    5647
    5701
    5449
    5666
    5577
    5777
    5766
    5602
    5597
    5609
    5681
    5544
    5610
    5565
    5454
    5691
    5598
    5529
    5520
    5364
    5708
    5526
    5376
    5515
    5475
    5466
    5401
    5429
    5401
    5476
    5511
    5645
    5661
    6031
    6084
    6004
    5958
    5604
    5487
    5269
    5319
    5274
    5224
    5313
    5278
    5065
    5257
    5256
    5115
    5103
    5238
    5061
    5115
    5051
    5142
    5073
    5081
    5045
    5058
    5090
    5042
    4958
    5134
    4989
    5077
    5017
    4944
    4869
    5009
    4934
    5033
    4968
    4933
    4911
    5010
    4856
    4888
    4883
    4791
    4846
    4762
    4835
    4870
    4821
    4800
    4684
    4778
    4863
    4785
    4834
    4761
    4812
    4677
    4720
    4777
    4667
    4684
    4660
    4724
    4675
    4681
    4549
    4531
    4571
    4580
    4537
    4629
    4613
    4582
    4568
    4500
    4467
    4497
    4577
    4468
    4632
    4618
    4716
    4838
    4755
    4669
    4552
    4332
    4405
    4443
    4414
    4408
    4344
    4357
    4301
    4412
    4386
    4367
    4393
    4299
    4397
    4336
    4352
    4368
    4276
    4252
    4249
    4276
    4469
    4238
    4327
    4236
    4287
    4226
    4476
    4252
    4268
    4322
    4283
    4255
    4221
    4326
    4121
    4281
    4260
    4324
    4353
    4449
    4202
    4248
    4200
    4197
    4301
    4089
    4075
    4167
    4135
    4103
    4015
    4219
    4062
    4061
    4014
    4132
    4048
    4095
    3954
    4106
    3960
    4026
    3986
    4107
    4051
    4018
    3847
    3893
    3978
    3819
    3896
    4009
    4000
    4014
    3838
    3856
    3944
    3854
    3898
    3821
    3929
    3858
    3850
    3867
    3757
    3822
    3800
    3888
    3815
    3810
    3888
    3855
    3860
    3735
    3574
    3774
    3894
    4100
    4841
    5789
    6810
    6981
    6530
    5418
    4539
    3876
    3661
    3715
    3864
    3849
    4092
    4098
    4385
    4367
    4154
    4051
    3696
    3555
    3424
    3422
    3406
    3383
    3453
    3493
    3311
    3459
    3368
    3357
    3430
    3473
    3279
    3177
    3385
    3394
    3328
    3417
    3350
    3427
    3219
    3261
    3279
    3183
    3181
    3252
    3193
    3272
    3236
    3252
    3262
    3175
    3172
    3311
    3302
    3208
    3208
    3167
    3198
    3197
    3162
    3170
    3258
    3184
    3031
    3128
    3204
    3068
    3111
    3241
    3036
    3104
    3118
    3055
    3141
    3110
    3074
    3119
    3120
    3085
    2973
    3019
    3020
    3015
    2948
    3067
    2989
    2962
    2954
    3088
    2915
    2899
    2983
    2935
    3035
    3031
    2910
    2904
    2918
    3012
    2842
    2980
    2987
    2875
    2946
    2885
    2922
    2987
    3024
    2941
    2860
    3002
    2947
    2975
    3042
    3083
    3172
    3039
    3130
    3012
    2829
    2961
    2917
    2853
    2866
    2844
    2862
    2813
    2777
    2858
    2772
    2740
    2685
    2701
    2803
    2761
    2662
    2762
    2761
    2753
    2829
    2822
    2947
    2889
    2822
    2750
    2740
    2698
    2620
    2636
    2750
    2674
    2645
    2760
    2765
    2697
    2607
    2639
    2709
    2705
    2655
    2582
    2647
    2617
    2609
    2626
    2605
    2609
    2665
    2551
    2641
    2616
    2565
    2571
    2598
    2532
    2644
    2548
    2524
    2493
    2591
    2651
    2568
    2586
    2544
    2551
    2506
    2532
    2587
    2518
    2599
    2422
    2455
    2497
    2498
    2448
    2517
    2505
    2509
    2454
    2485
    2653
    2840
    3101
    3615
    4034
    4282
    4072
    3701
    3138
    2863
    2512
    2376
    2445
    2433
    2423
    2334
    2408
    2390
    2413
    2478
    2448
    2471
    2575
    2600
    2484
    2488
    2472
    2411
    2312
    2349
    2376
    2264
    2377
    2326
    2241
    2334
    2312
    2295
    2348
    2314
    2294
    2345
    2290
    2225
    2285
    2220
    2258
    2337
    2296
    2181
    2255
    2226
    2236
    2286
    2156
    2182
    2183
    2287
    2193
    2168
    2240
    2171
    2202
    2245
    2133
    2154
    2169
    2126
    2110
    2246
    2175
    2273
    2288
    2147
    2163
    2124
    2186
    2105
    2168
    2177
    2160
    2108
    2199
    2190
    2143
    2138
    2097
    2156
    2134
    2104
    2101
    2191
    2092
    2123
    2147
    2072
    2088
    2056
    2017
    2076
    2132
    2071
    2077
    2124
    2073
    2073
    2094
    2150
    2022
    2172
    2057
    2088
    2032
    2125
    2028
    2065
    2059
    2065
    2127
    2132
    2112
    2184
    2276
    2208
    2253
    2141
    2076
    2094
    1999
    2016
    1970
    2046
    2003
    2040
    2023
    1986
    2100
    2009
    2097
    2036
    1951
    2002
    1937
    2118
    2002
    1967
    1980
    1975
    1910
    1975
    1983
    1959
    1968
    1972
    1920
    1982
    2137
    2181
    2449
    2593
    2724
    2671
    2443
    2202
    2121
    1929
    1899
    1944
    1884
    1844
    1867
    1922
    1850
    1781
    1893
    1889
    1865
    1801
    1847
    1870
    1849
    1867
    1829
    1846
    1847
    1792
    1820
    1757
    1795
    1782
    1705
    1779
    1780
    1810
    1868
    1719
    1717
    1832
    1773
    1845
    1768
    1874
    1816
    1960
    2077
    2586
    3198
    4123
    4642
    5020
    4737
    4001
    3168
    2393
    1984
    1794
    1626
    1713
    1718
    1692
    1654
    1605
    1698
    1658
    1747
    1608
    1682
    1609
    1592
    1590
    1668
    1565
    1725
    1593
    1589
    1623
    1603
    1606
    1625
    1634
    1602
    1569
    1547
    1555
    1574
    1608
    1542
    1639
    1613
    1560
    1651
    1528
    1585
    1578
    1537
    1564
    1532
    1505
    1580
    1562
    1589
    1659
    1470
    1545
    1624
    1547
    1615
    1591
    1515
    1505
    1559
    1609
    1539
    1451
    1478
    1576
    1470
    1528
    1553
    1673
    1583
    1484
    1573
    1506
    1546
    1516
    1461
    1495
    1476
    1514
    1534
    1526
    1471
    1510
    1539
    1530
    1503
    1451
    1494
    1474
    1453
    1500
    1471
    1475
    1480
    1523
    1493
    1448
    1464
    1454
    1490
    1463
    1412
    1472
    1394
    1478
    1479
    1440
    1484
    1428
    1460
    1417
    1468
    1437
    1437
    1427
    1384
    1504
    1426
    1446
    1404
    1446
    1437
    1427
    1522
    1477
    1439
    1425
    1404
    1459
    1393
    1438
    1430
    1429
    1404
    1431
    1380
    1454
    1375
    1453
    1407
    1362
    1354
    1432
    1435
    1431
    1374
    1387
    1366
    1446
    1431
    1364
    1344
    1481
    1445
    1405
    1388
    1410
    1351
    1349
    1433
    1267
    1336
    1338
    1329
    1363
    1379
    1360
    1338
    1385
    1394
    1419
    1363
    1409
    1330
    1248
    1407
    1359
    1443
    1380
    1344
    1321
    1317
    1381
    1301
    1384
    1272
    1361
    1296
    1323
    1291
    1338
    1280
    1327
    1364
    1285
    1463
    1287
    1326
    1317
    1344
    1344
    1355
    1415
    1358
    1432
    1455
    1395
    1377
    1349
    1336
    1315
    1309
    1246
    1318
    1279
    1374
    1273
    1298
    1226
    1278
    1293
    1236
    1276
    1299
    1346
    1296
    1264
    1336
    1285
    1225
    1195
    1286
    1347
    1266
    1182
    1223
    1329
    1267
    1253
    1291
    1238
    1187
    1246
    1248
    1251
    1255
    1227
    1213
    1263
    1201
    1205
    1275
    1264
    1290
    1253
    1252
    1191
    1214
    1214
    1196
    1238
    1265
    1246
    1285
    1219
    1192
    1215
    1195
    1264
    1213
    1229
    1213
    1198
    1173
    1158
    1200
    1234
    1259
    1228
    1200
    1218
    1286
    1230
    1188
    1249
    1188
    1230
    1221
    1163
    1185
    1175
    1218
    1093
    1169
    1214
    1097
    1147
    1115
    1230
    1127
    1132
    1182
    1176
    1093
    1232
    1182
    1247
    1243
    1270
    1363
    1282
    1295
    1261
    1158
    1193
    1186
    1263
    1246
    1147
    1192
    1167
    1131
    1145
    1139
    1208
    1091
    1131
    1115
    1110
    1181
    1185
    1165
    1143
    1158
    1150
    1073
    1096
    1161
    1096
    1168
    1121
    1160
    1101
    1089
    1196
    1104
    1114
    1153
    1161
    1125
    1112
    1114
    1073
    1113
    1074
    1119
    1077
    1147
    1170
    1131
    1089
    1090
    1125
    1114
    1177
    1111
    1087
    1132
    1201
    1111
    1100
    1137
    1087
    1121
    1103
    1082
    1084
    1123
    1182
    1040
    1053
    1114
    1068
    1077
    1134
    1143
    1135
    1043
    1083
    1063
    1128
    1122
    1175
    1180
    1197
    1208
    1333
    1298
    1318
    1281
    1228
    1163
    1124
    1092
    1082
    1034
    1033
    1070
     991
    1095
    1027
    1079
    1068
    1035
    1035
    1042
    1046
    1067
    1082
    1012
    1012
    1089
    1014
    1061
    1025
    1045
    1063
    1077
    1015
    1081
    1094
    1071
    1005
    1033
    1056
    1024
    1059
    1071
    1043
    1032
    1028
    1033
    1004
    1071
    1066
    1036
    1054
    1146
    1148
    1146
    1140
    1157
    1088
    1101
    1065
    1021
    1054
    1046
    1014
    1069
    1050
    1044
    1006
    1047
    1010
     986
    1051
     987
    1018
    1035
    1013
    1023
    1039
     985
     906
    1024
     965
    1010
     970
     985
    1030
    1050
    1021
    1076
     992
    1020
    1019
    1030
     979
     940
     992
    1022
     998
     990
     995
    1002
     959
     952
     975
    1002
     977
     982
     982
     988
    1010
     942
     955
     970
     936
     999
     993
     947
     960
    1025
     958
    1051
     941
     984
     981
    1007
     913
     916
     973
     946
     993
     957
     989
     993
    1032
     950
     979
     971
     903
     969
     932
     961
     896
     972
     992
     945
    1010
     994
     972
     951
    1019
     943
     961
    1009
     977
     954
     944
    1001
     955
    1021
    1080
    1064
    1128
    1167
    1329
    1464
    1799
    2171
    2723
    3454
    4588
    5840
    7302
    8635
    9649
   10177
    9994
    9582
    8263
    6809
    5608
    4118
    3117
    2437
    1911
    1563
    1255
    1103
    1064
     971
     915
     858
     888
     782
     765
     818
     763
     801
     805
     798
     798
     763
     803
     755
     771
     766
     719
     718
     739
     762
     806
     774
     765
     777
     740
     788
     804
     744
     739
     773
     768
     747
     718
     730
     755
     758
     764
     667
     739
     754
     728
     784
     757
     725
     741
     749
     725
     739
     741
     758
     747
     742
     748
     769
     731
     706
     723
     737
     772
     734
     775
     721
     774
     717
     764
     752
     813
     746
     737
     757
     736
     765
     716
     759
     747
     758
     710
     738
     754
     759
     718
     747
     745
     744
     754
     742
     695
     745
     740
     744
     695
     730
     722
     731
     725
     700
     737
     737
     761
     766
     711
     747
     752
     685
     704
     763
     709
     790
     676
     674
     707
     729
     727
     742
     752
     671
     720
     711
     729
     706
     687
     725
     712
     731
     718
     678
     728
     703
     657
     668
     739
     703
     710
     688
     724
     680
     720
     713
     624
     753
     674
     700
     681
     668
     701
     734
     663
     692
     715
     727
     680
     743
     707
     694
     717
     696
     725
     683
     677
     686
     721
     682
     680
     714
     704
     702
     709
     682
     698
     735
     726
     734
     711
     735
     681
     694
     693
     714
     718
     668
     679
     683
     737
     658
     714
     719
     672
     656
     671
     698
     654
     710
     691
     652
     729
     657
     657
     680
     649
     666
     665
     660
     708
     709
     690
     709
     697
     706
     648
     691
     712
     679
     700
     690
     727
     709
     677
     672
     722
     691
     684
     727
     702
     654
     703
     716
     640
     716
     711
     673
     689
     767
     672
     670
     682
     709
     717
     747
     857
     911
    1050
    1336
    1600
    1806
    1983
    1905
    1829
    1781
    1572
    1312
     985
     848
     772
     727
     628
     631
     635
     620
     626
     649
     698
     649
     667
     669
     633
     658
     664
     646
     670
     624
     668
     653
     624
     653
     638
     635
     679
     684
     674
     683
     622
     655
     647
     671
     681
     642
     619
     663
     636
     646
     662
     656
     600
     631
     646
     637
     645
     603
     656
     653
     628
     659
     642
     572
     624
     573
     654
     628
     587
     601
     655
     666
     686
     589
     636
     631
     605
     629
     636
     638
     635
     641
     660
     615
     624
     617
     614
     661
     644
     673
     720
     754
     948
    1241
    1525
    2097
    2627
    3089
    3229
    3288
    3197
    2854
    2423
    1805
    1393
     991
     834
     677
     643
     620
     597
     655
     660
     661
     633
     643
     605
     589
     581
     599
     572
     611
     610
     578
     585
     579
     568
     608
     544
     525
     585
     587
     569
     577
     536
     565
     581
     573
     575
     569
     543
     611
     572
     621
     579
     623
     593
     576
     603
     594
     534
     591
     535
     579
     563
     605
     563
     599
     621
     548
     601
     556
     601
     568
     524
     593
     576
     555
     579
     604
     579
     592
     512
     580
     553
     594
     570
     556
     578
     546
     564
     572
     555
     562
     582
     550
     618
     582
     606
     601
     567
     586
     530
     550
     590
     549
     586
     594
     561
     590
     567
     587
     586
     570
     580
     579
     555
     600
     581
     540
     547
     569
     578
     554
     493
     560
     562
     557
     553
     545
     566
     555
     552
     545
     520
     543
     581
     542
     525
     573
     534
     570
     531
     492
     554
     537
     575
     596
     614
     576
     566
     520
     559
     544
     553
     584
     558
     588
     571
     542
     545
     547
     531
     534
     553
     534
     566
     553
     528
     563
     521
     571
     546
     550
     498
     572
     574
     593
     554
     557
     518
     548
     549
     543
     571
     541
     568
     565
     560
     540
     586
     572
     626
     624
     650
     648
     659
     697
     636
     658
     633
     634
     604
     573
     543
     575
     596
     582
     591
     648
     615
     616
     607
     605
     599
     582
     572
     550
     564
     588
     594
     550
     582
     540
     570
     560
     526
     511
     514
     489
     516
     567
     554
     540
     525
     551
     534
     532
     551
     572
     555
     566
     555
     546
     513
     573
     557
     504
     533
     536
     552
     513
     554
     547
     547
     547
     571
     577
     558
     541
     558
     550
     514
     555
     542
     525
     513
     570
     512
     470
     542
     544
     556
     508
     524
     502
     552
     545
     469
     524
     460
     529
     536
     501
     517
     542
     516
     551
     579
     570
     521
     562
     500
     554
     534
     567
     550
     520
     552
     554
     509
     571
     510
     547
     525
     510
     525
     534
     534
     562
     513
     518
     553
     523
     528
     533
     537
     520
     549
     550
     603
     530
     539
     534
     474
     527
     516
     542
     515
     508
     566
     542
     541
     506
     530
     481
     541
     522
     522
     523
     524
     531
     558
     544
     507
     548
     507
     576
     526
     561
     516
     509
     528
     514
     527
     539
     509
     521
     504
     506
     489
     520
     543
     528
     513
     480
     512
     522
     519
     535
     504
     473
     524
     549
     509
     559
     494
     500
     537
     497
     464
     521
     519
     530
     528
     466
     515
     486
     471
     482
     537
     510
     488
     526
     528
     501
     506
     511
     476
     523
     503
     498
     519
     476
     541
     531
     497
     531
     542
     503
     536
     515
     487
     549
     533
     496
     496
     477
     511
     521
     534
     529
     477
     520
     491
     495
     548
     614
     629
     655
     751
     742
     800
     726
     716
     799
     673
     630
     536
     588
     528
     505
     550
     546
     504
     488
     485
     502
     478
     477
     477
     510
     510
     502
     459
     504
     476
     480
     509
     485
     523
     467
     492
     473
     464
     463
     528
     477
     528
     503
     494
     501
     483
     475
     502
     498
     462
     495
     524
     515
     458
     485
     491
     488
     475
     485
     506
     475
     498
     478
     538
     532
     504
     484
     490
     480
     478
     493
     476
     421
     472
     474
     471
     490
     485
     455
     481
     491
     484
     482
     516
     464
     483
     481
     469
     479
     502
     516
     516
     476
     462
     486
     454
     480
     505
     486
     485
     534
     507
     489
     513
     546
     502
     493
     548
     470
     496
     506
     513
     498
     493
     515
     448
     496
     456
     458
     458
     498
     466
     493
     489
     436
     515
     462
     477
     474
     530
     491
     508
     483
     506
     426
     492
     498
     499
     554
     481
     460
     506
     516
     495
     495
     514
     558
     572
     562
     658
     714
     689
     703
     726
     742
     737
     661
     687
     616
     607
     502
     567
     500
     518
     514
     504
     513
     545
     500
     525
     530
     507
     477
     519
     525
     498
     461
     473
     471
     447
     479
     464
     446
     444
     489
     435
     444
     429
     475
     441
     432
     445
     447
     468
     465
     455
     449
     486
     471
     484
     455
     487
     485
     469
     501
     447
     478
     468
     466
     530
     511
     504
     535
     500
     527
     547
     585
     540
     533
     554
     539
     490
     496
     477
     455
     416
     452
     488
     450
     446
     463
     436
     416
     442
     447
     450
     443
     477
     490
     450
     454
     460
     472
     485
     486
     535
     615
     601
     598
     595
     587
     587
     566
     560
     553
     489
     442
     511
     472
     444
     480
     406
     441
     470
     463
     462
     418
     440
     448
     418
     495
     445
     441
     432
     468
     418
     431
     468
     455
     445
     471
     489
     422
     416
     433
     483
     486
     508
     464
     476
     510
     499
     518
     478
     459
     443
     464
     468
     442
     444
     450
     462
     447
     435
     435
     437
     456
     432
     453
     437
     461
     415
     414
     432
     463
     439
     424
     456
     410
     423
     403
     408
     460
     450
     445
     443
     433
     467
     427
     419
     444
     433
     433
     417
     478
     434
     473
     446
     415
     437
     439
     421
     450
     452
     485
     450
     447
     444
     401
     434
     457
     436
     436
     450
     436
     441
     421
     474
     417
     478
     464
     435
     430
     449
     434
     444
     445
     422
     454
     461
     407
     461
     442
     455
     492
     470
     427
     469
     474
     479
     449
     486
     439
     436
     456
     418
     457
     467
     439
     432
     406
     458
     469
     474
     496
     489
     463
     453
     473
     440
     438
     461
     465
     428
     418
     498
     481
     508
     478
     461
     471
     512
     478
     465
     458
     474
     491
     429
     466
     435
     439
     474
     455
     422
     446
     452
     423
     455
     435
     407
     453
     425
     419
     448
     432
     449
     405
     409
     436
     437
     424
     411
     433
     424
     409
     430
     441
     441
     423
     421
     451
     428
     434
     413
     407
     455
     413
     435
     438
     455
     405
     426
     431
     443
     442
     400
     461
     434
     429
     426
     457
     403
     431
     441
     437
     427
     440
     463
     480
     483
     541
     542
     555
     557
     564
     596
     529
     522
     532
     483
     484
     475
     438
     455
     415
     448
     416
     399
     428
     402
     422
     422
     427
     400
     435
     424
     403
     422
     409
     422
     419
     420
     429
     445
     423
     422
     438
     404
     382
     413
     448
     419
     433
     447
     426
     408
     428
     449
     443
     439
     417
     424
     448
     455
     393
     420
     446
     419
     398
     428
     407
     442
     418
     442
     383
     415
     389
     422
     427
     427
     405
     405
     419
     391
     397
     414
     411
     436
     407
     414
     409
     404
     459
     437
     451
     433
     401
     406
     420
     435
     443
     413
     458
     426
     430
     436
     411
     406
     417
     434
     392
     418
     431
     398
     416
     418
     420
     450
     446
     404
     394
     423
     424
     374
     429
     429
     449
     408
     439
     423
     421
     416
     426
     417
     414
     437
     433
     432
     428
     421
     458
     416
     420
     415
     404
     398
     423
     394
     406
     400
     393
     420
     439
     389
     423
     475
     445
     427
     434
     419
     400
     451
     454
     421
     413
     425
     427
     446
     438
     444
     427
     475
     500
     464
     434
     420
     443
     412
     447
     422
     414
     419
     435
     438
     473
     444
     499
     477
     535
     645
     744
     827
     946
    1028
    1080
    1239
    1265
    1232
    1150
    1156
    1039
     974
     817
     685
     598
     512
     486
     417
     433
     416
     431
     387
     398
     386
     391
     428
     389
     394
     414
     412
     409
     444
     444
     407
     380
     400
     382
     384
     392
     401
     370
     400
     427
     440
     413
     405
     366
     433
     394
     417
     400
     436
     415
     364
     413
     412
     416
     391
     416
     393
     412
     412
     436
     349
     396
     406
     386
     388
     428
     423
     410
     394
     437
     434
     399
     396
     387
     410
     392
     391
     418
     419
     446
     464
     494
     473
     524
     539
     512
     547
     508
     520
     519
     500
     479
     467
     432
     423
     424
     402
     407
     416
     397
     449
     410
     405
     439
     425
     411
     389
     449
     407
     393
     399
     393
     422
     442
     391
     395
     392
     421
     444
     402
     393
     406
     435
     404
     383
     403
     399
     399
     450
     436
     440
     454
     456
     456
     476
     490
     519
     487
     473
     549
     530
     550
     539
     553
     531
     508
     519
     482
     479
     481
     468
     450
     445
     447
     408
     425
     415
     446
     430
     407
     376
     383
     379
     440
     402
     414
     437
     394
     414
     395
     436
     389
     396
     396
     403
     377
     401
     405
     416
     403
     410
     404
     406
     391
     399
     428
     441
     446
     459
     485
     504
     534
     530
     528
     510
     555
     544
     558
     558
     514
     554
     538
     541
     548
     618
     687
     651
     795
     799
     841
     835
     844
     840
     803
     751
     725
     760
     664
     557
     534
     436
     430
     392
     396
     390
     388
     410
     445
     397
     396
     366
     387
     409
     439
     406
     381
     399
     374
     386
     381
     400
     391
     399
     392
     381
     408
     385
     418
     405
     433
     415
     393
     379
     388
     434
     406
     443
     368
     398
     410
     409
     388
     368
     388
     385
     406
     401
     411
     384
     374
     384
     408
     379
     388
     394
     450
     414
     409
     387
     400
     389
     399
     375
     460
     377
     433
     444
     362
     392
     402
     400
     394
     396
     418
     392
     401
     426
     395
     412
     412
     378
     427
     396
     388
     385
     387
     406
     354
     384
     373
     356
     423
     397
     399
     426
     394
     364
     418
     419
     390
     435
     434
     412
     443
     446
     453
     420
     436
     434
     411
     417
     455
     473
     424
     374
     397
     386
     395
     393
     386
     438
     426
     379
     408
     408
     415
     424
     406
     416
     397
     368
     397
     412
     443
     401
     432
     371
     377
     387
     404
     408
     412
     394
     374
     397
     374
     394
     398
     361
     352
     377
     405
     344
     390
     408
     394
     396
     424
     400
     422
     405
     424
     420
     428
     380
     420
     398
     390
     416
     433
     393
     392
     382
     425
     401
     360
     377
     430
     379
     397
     394
     402
     392
     378
     407
     410
     412
     381
     396
     408
     378
     416
     409
     363
     419
     420
     462
     408
     388
     403
     391
     372
     396
     408
     409
     411
     407
     410
     416
     370
     437
     385
     382
     390
     405
     386
     419
     384
     423
     412
     392
     410
     398
     385
     416
     403
     420
     389
     436
     440
     396
     410
     432
     400
     402
     385
     389
     389
     392
     386
     386
     455
     432
     382
     412
     425
     404
     406
     405
     382
     406
     429
     412
     379
     442
     437
     402
     445
     453
     389
     397
     412
     387
     392
     401
     434
     423
     391
     402
     388
     382
     390
     370
     434
     418
     386
     382
     395
     420
     378
     378
     434
     395
     404
     418
     377
     429
     405
     418
     419
     442
     421
     392
     390
     435
     402
     446
     417
     410
     388
     423
     404
     400
     398
     377
     397
     395
     424
     410
     399
     434
     457
     402
     400
     396
     403
     420
     358
     449
     452
     416
     400
     412
     387
     403
     448
     412
     398
     414
     428
     394
     425
     460
     385
     439
     410
     415
     390
     403
     437
     397
     425
     410
     380
     418
     424
     397
     416
     417
     431
     408
     421
     393
     408
     438
     398
     401
     409
     412
     418
     422
     409
     385
     416
     378
     447
     379
     428
     395
     394
     399
     432
     429
     437
     393
     395
     412
     416
     392
     424
     414
     407
     476
     417
     408
     425
     369
     418
     390
     403
     425
     436
     442
     436
     405
     427
     424
     417
     365
     403
     367
     408
     390
     408
     450
     357
     397
     388
     419
     422
     388
     404
     421
     413
     394
     407
     406
     425
     424
     420
     411
     395
     427
     404
     410
     434
     444
     394
     410
     414
     409
     396
     404
     426
     398
     393
     412
     432
     402
     419
     418
     406
     443
     380
     482
     422
     418
     422
     457
     440
     419
     420
     423
     429
     447
     468
     406
     401
     398
     441
     436
     385
     453
     420
     402
     410
     419
     403
     456
     419
     435
     367
     469
     441
     434
     410
     450
     401
     448
     409
     391
     433
     413
     440
     424
     419
     441
     438
     462
     425
     426
     424
     389
     460
     415
     402
     408
     441
     443
     445
     435
     420
     449
     415
     417
     402
     427
     423
     452
     435
     425
     444
     454
     426
     423
     458
     447
     418
     442
     451
     471
     430
     473
     507
     537
     500
     487
     651
     682
     744
     882
     932
     890
     958
     917
     910
     885
     971
     930
     860
     836
     688
     658
     582
     578
     464
     472
     460
     427
     419
     461
     483
     411
     459
     455
     428
     435
     422
     372
     437
     432
     438
     448
     457
     462
     410
     400
     426
     439
     449
     417
     453
     427
     405
     448
     426
     459
     437
     451
     449
     445
     422
     417
     416
     439
     473
     449
     458
     453
     391
     437
     438
     384
     443
     450
     455
     427
     458
     398
     453
     412
     442
     451
     430
     449
     457
     430
     425
     414
     436
     435
     449
     422
     442
     438
     456
     472
     462
     441
     444
     436
     454
     436
     446
     437
     457
     486
     457
     428
     469
     435
     403
     464
     441
     461
     415
     433
     447
     414
     466
     473
     434
     436
     461
     430
     459
     432
     496
     449
     417
     479
     473
     489
     431
     456
     480
     525
     500
     480
     528
     465
     523
     504
     513
     515
     528
     499
     477
     481
     481
     449
     465
     434
     468
     483
     488
     488
     455
     475
     433
     451
     444
     449
     474
     484
     485
     448
     517
     436
     470
     481
     472
     472
     450
     501
     495
     468
     464
     491
     456
     496
     461
     438
     459
     452
     452
     459
     461
     523
     474
     469
     441
     466
     474
     475
     443
     508
     532
     531
     552
     492
     555
     521
     553
     526
     549
     556
     495
     529
     520
     539
     498
     517
     488
     477
     504
     513
     473
     443
     485
     455
     441
     495
     472
     456
     492
     497
     443
     480
     432
     473
     463
     497
     472
     449
     484
     451
     487
     468
     445
     513
     453
     519
     488
     497
     489
     492
     465
     451
     493
     472
     511
     495
     471
     512
     439
     503
     469
     485
     464
     459
     483
     482
     495
     532
     513
     482
     505
     465
     512
     463
     494
     494
     482
     492
     485
     513
     464
     521
     474
     457
     481
     531
     463
     494
     523
     481
     477
     509
     505
     532
     524
     476
     472
     532
     502
     492
     487
     489
     490
     509
     529
     504
     521
     509
     505
     488
     487
     568
     480
     524
     461
     452
     519
     488
     486
     477
     524
     526
     521
     504
     477
     509
     518
     494
     526
     532
     503
     491
     502
     538
     546
     547
     507
     540
     557
     533
     508
     537
     488
     530
     500
     530
     526
     491
     532
     554
     498
     517
     496
     536
     534
     500
     516
     549
     548
     527
     537
     528
     496
     502
     507
     542
     542
     496
     482
     533
     552
     533
     531
     563
     500
     536
     537
     525
     548
     540
     535
     534
     540
     535
     530
     545
     509
     580
     542
     520
     508
     523
     512
     543
     557
     544
     534
     538
     522
     544
     519
     528
     572
     539
     522
     545
     532
     530
     539
     507
     523
     492
     546
     552
     549
     546
     563
     543
     540
     525
     551
     490
     561
     536
     551
     495
     523
     554
     577
     554
     595
     565
     608
     591
     678
     667
     667
     693
     700
     738
     724
     725
     694
     734
     680
     728
     677
     641
     610
     606
     538
     567
     549
     500
     508
     472
     508
     499
     487
     470
     481
     447
     470
     457
     467
     443
     478
     439
     466
     449
     485
     423
     427
     424
     414
     429
     412
     446
     428
     432
     429
     446
     412
     415
     378
     408
     434
     404
     423
     375
     401
     396
     399
     360
     388
     398
     396
     408
     392
     429
     397
     392
     351
     394
     400
     396
     345
     370
     382
     365
     353
     373
     348
     370
     379
     362
     357
     340
     377
     331
     352
     381
     354
     316
     372
     357
     371
     363
     376
     355
     390
     364
     350
     347
     359
     385
     352
     361
     369
     353
     362
     357
     380
     357
     317
     356
     320
     347
     349
     351
     367
     362
     323
     333
     350
     356
     357
     350
     329
     385
     333
     346
     367
     367
     318
     331
     349
     325
     347
     333
     330
     354
     331
     349
     324
     348
     363
     336
     345
     327
     347
     334
     324
     329
     337
     310
     336
     324
     345
     386
     370
     335
     357
     364
     342
     372
     387
     381
     330
     380
     381
     364
     314
     343
     362
     317
     309
     354
     333
     303
     302
     322
     324
     314
     312
     285
     325
     311
     322
     319
     302
     315
     320
     319
     289
     344
     341
     353
     362
     380
     421
     452
     491
     553
     574
     670
     712
     665
     743
     749
     722
     699
     703
     726
     653
     644
     573
     539
     511
     456
     389
     359
     361
     298
     305
     295
     300
     288
     249
     273
     301
     248
     268
     289
     281
     268
     264
     282
     287
     288
     265
     273
     295
     286
     315
     290
     249
     244
     296
     291
     309
     267
     290
     273
     275
     236
     273
     276
     295
     296
     271
     260
     275
     255
     286
     291
     276
     288
     286
     312
     302
     273
     248
     246
     253
     259
     265
     265
     282
     229
     272
     245
     226
     267
     232
     242
     255
     244
     254
     241
     246
     240
     235
     249
     241
     255
     264
     228
     220
     231
     244
     257
     245
     222
     264
     253
     237
     241
     242
     189
     254
     237
     217
     244
     258
     242
     228
     248
     231
     233
     244
     231
     223
     218
     238
     236
     219
     213
     229
     232
     243
     230
     238
     235
     216
     232
     225
     232
     234
     241
     218
     243
     256
     253
     273
     276
     275
     281
     276
     273
     295
     314
     280
     248
     278
     253
     263
     236
     258
     236
     218
     200
     175
     191
     226
     196
     185
     214
     194
     211
     177
     187
     205
     212
     216
     201
     212
     200
     169
     181
     181
     193
     196
     168
     195
     204
     206
     192
     196
     161
     209
     213
     208
     159
     190
     192
     190
     188
     177
     189
     176
     172
     161
     172
     182
     167
     188
     184
     171
     180
     184
     156
     169
     162
     203
     171
     168
     186
     174
     162
     168
     166
     164
     167
     170
     189
     170
     170
     164
     174
     180
     177
     175
     175
     154
     162
     169
     159
     153
     151
     158
     141
     153
     156
     172
     168
     163
     147
     154
     174
     171
     139
     156
     140
     172
     159
     137
     150
     159
     167
     151
     155
     139
     141
     144
     161
     167
     158
     153
     132
     136
     144
     188
     153
     143
     162
     141
     167
     159
     157
     143
     137
     128
     139
     142
     140
     157
     143
     154
     160
     138
     144
     147
     146
     142
     160
     152
     156
     127
     151
     186
     182
     179
     205
     209
     205
     203
     248
     276
     253
     232
     254
     240
     250
     246
     241
     219
     242
     216
     219
     208
     204
     160
     146
     143
     154
     157
     166
     123
     139
     137
     135
     131
     160
     145
     158
     126
     172
     147
     164
     133
     154
     164
     176
     153
     164
     138
     146
     152
     137
     139
     140
     123
     135
     145
     122
     138
     137
     123
     111
     104
     134
     132
     135
     128
     142
     149
     124
     126
     111
     124
     131
     134
     136
     149
     140
     138
     111
     130
     120
     121
     132
     128
     110
     137
     136
     127
     119
     145
     160
     161
     152
     171
     163
     154
     185
     177
     135
     188
     169
     149
     169
     145
     147
     153
     138
     150
     153
     122
     127
     148
     164
     159
     166
     183
     175
     173
     177
     185
     201
     197
     172
     203
     195
     179
     171
     163
     166
     159
     154
     172
     141
     150
     147
     108
     119
     129
     140
     129
     146
     127
     131
     133
     133
     118
     102
     130
     122
     103
     129
     128
     121
     140
     115
     108
     102
     127
     113
     116
     124
     150
     153
     128
     117
     112
     123
     112
     133
     127
     122
     117
     122
     116
     101
     115
     118
     112
     113
     103
     119
      98
     120
     112
     127
     117
     107
     126
     109
     118
     145
     125
     107
     119
     105
      94
     114
     126
      96
     126
     106
     116
     114
     112
     119
     120
     126
     106
     125
     123
     127
     105
     131
     128
     118
     118
     133
     117
     118
     117
     133
      98
      95
     115
     129
     127
     147
     106
     144
     122
     115
     130
     146
     125
     135
     117
     127
     118
     125
     101
     114
     112
     132
     129
     105
     121
     131
     132
     115
     135
      95
     108
     127
     121
     125
     133
     119
     120
     121
     130
     110
     123
     137
     136
     123
     135
     121
     122
     131
     140
     135
     136
     131
     133
     136
     119
     140
     121
     137
     141
     154
     147
     163
     176
     195
     195
     249
     214
     280
     322
     374
     460
     546
     646
     831
    1066
    1394
    1783
    2421
    3292
    4115
    5164
    6298
    7624
    8956
   10174
   11334
   12221
   12845
   13455
   13711
   13992
   13592
   13843
   13889
   13677
   13598
   13109
   12288
   11133
    9634
    7789
    6096
    4384
    3049
    1954
    1175
     743
     453
     287
     216
     175
     122
      99
      85
      84
      73
      60
      64
      70
      54
      62
      54
      55
      60
      52
      62
      46
      53
      58
      39
      47
      47
      36
      49
      43
      40
      42
      35
      47
      43
      49
      49
      48
      39
      46
      47
      52
      43
      58
      36
      44
      38
      46
      52
      53
      54
      50
      55
      36
      38
      51
      43
      50
      44
      43
      45
      52
      49
      50
      50
      54
      52
      42
      56
      37
      39
      43
      55
      48
      52
      49
      46
      39
      48
      43
      50
      54
      47
      43
      41
      42
      63
      48
      45
      45
      41
      51
      39
      46
      41
      39
      51
      47
      35
      52
      42
      43
      54
      47
      51
      55
      45
      59
      74
      63
      51
      51
      48
      47
      72
      61
      77
      68
      57
      66
      48
      67
      54
      42
      64
      55
      71
      50
      47
      55
      52
      48
      46
      51
      49
      56
      49
      55
      57
      56
      59
      46
      46
      49
      41
      37
      51
      49
      62
      64
      79
      69
      64
      87
      73
      99
      99
      95
      86
      78
     104
     101
     110
      89
     103
     101
      82
      86
      85
      84
      74
      76
      54
      48
      49
      49
      37
      48
      57
      38
      51
      50
      50
      46
      50
      38
      42
      48
      45
      36
      56
      44
      33
      37
      34
      42
      43
      51
      41
      50
      35
      39
      38
      35
      45
      41
      39
      44
      43
      42
      34
      48
      36
      53
      49
      52
      39
      36
      34
      52
      44
      33
      41
      47
      38
      48
      37
      47
      47
      50
      42
      35
      37
      55
      41
      46
      42
      40
      48
      41
      44
      50
      43
      46
      41
      41
      40
      41
      35
      38
      39
      39
      38
      43
      43
      55
      59
      47
      45
      45
      50
      52
      51
      59
      54
      61
      44
      50
      47
      52
      66
      54
      63
      51
      48
      46
      39
      39
      48
      48
      50
      41
      45
      45
      51
      37
      53
      59
      42
      48
      34
      47
      46
      41
      39
      45
      38
      34
      44
      27
      50
      38
      48
      38
      38
      46
      37
      50
      42
      35
      36
      36
      35
      40
      39
      32
      33
      31
      32
      41
      37
      32
      28
      45
      38
      42
      34
      41
      37
      32
      33
      37
      48
      38
      35
      42
      38
      37
      41
      34
      39
      54
      50
      40
      37
      37
      32
      48
      38
      34
      45
      39
      37
      36
      42
      37
      36
      31
      44
      34
      45
      41
      30
      36
      31
      40
      45
      39
      36
      40
      39
      25
      42
      39
      41
      43
      42
      32
      42
      34
      38
      41
      30
      39
      38
      46
      39
      39
      36
      31
      32
      29
      33
      38
      33
      31
      33
      33
      40
      37
      35
      40
      27
      32
      36
      49
      36
      34
      49
      33
      50
      48
      47
      41
      52
      46
      43
      57
      48
      77
      51
      58
      57
      79
      54
      59
      63
      69
      52
      70
      64
      62
      61
      82
      64
      68
      79
      91
      96
      75
      79
      91
     114
     102
     115
      95
     100
     117
     100
      92
     125
     113
      88
      86
      88
      78
      90
      67
      71
      54
      73
      73
      58
      48
      60
      48
      66
      63
      48
      56
      61
      56
      65
      47
      55
      48
      37
      46
      54
      48
      40
      52
      43
      38
      31
      44
      43
      38
      44
      41
      37
      40
      40
      37
      24
      36
      40
      36
      36
      41
      34
      46
      34
      40
      25
      37
      34
      43
      28
      37
      37
      27
      27
      26
      27
      33
      32
      33
      35
      40
      36
      30
      35
      35
      32
      28
      40
      32
      36
      38
      30
      29
      28
      25
      34
      34
      32
      28
      38
      27
      44
      39
      42
      36
      33
      42
      48
      40
      44
      45
      47
      47
      50
      47
      66
      64
      54
      59
      59
      80
      47
      60
      55
      81
      48
      54
      66
      70
      44
      60
      62
      49
      53
      42
      50
      36
      31
      40
      43
      38
      26
      52
      35
      57
      39
      40
      49
      43
      51
      46
      66
      56
      66
      43
      66
      57
      55
      61
      65
      64
      74
      54
      60
      64
      50
      57
      39
      42
      30
      33
      35
      27
      35
      32
      24
      30
      38
      32
      29
      29
      41
      45
      36
      38
      47
      38
      34
      41
      35
      43
      38
      36
      25
      25
      33
      35
      34
      32
      34
      33
      23
      29
      33
      31
      32
      29
      37
      18
      20
      33
      29
      29
      30
      29
      29
      33
      29
      34
      30
      28
      32
      26
      25
      25
      31
      28
      18
      36
      30
      19
      29
      29
      28
      41
      35
      26
      29
      22
      24
      26
      29
      29
      36
      25
      35
      25
      32
      36
      39
      30
      31
      30
      33
      31
      46
      35
      42
      35
      41
      45
      45
      51
      43
      54
      59
      56
      53
      57
      46
      48
      62
      51
      54
      48
      49
      45
      42
      45
      40
      36
      33
      41
      41
      20
      37
      27
      25
      41
      32
      30
      34
      31
      26
      30
      25
      30
      22
      34
      27
      34
      21
      30
      30
      36
      27
      31
      26
      25
      31
      22
      24
      32
      27
      23
      33
      30
      30
      19
      30
      39
      25
      20
      24
      33
      32
      26
      26
      34
      28
      31
      28
      32
      28
      27
      31
      25
      29
      38
      33
      38
      34
      24
      40
      31
      32
      26
      28
      34
      36
      30
      39
      40
      34
      31
      36
      38
      22
      24
      23
      24
      19
      26
      31
      31
      35
      27
      39
      28
      37
      25
      35
      30
      28
      24
      35
      30
      20
      28
      34
      25
      40
      25
      33
      37
      33
      26
      31
      42
      36
      40
      30
      32
      36
      28
      23
      31
      29
      27
      28
      31
      26
      28
      28
      27
      28
      16
      25
      35
      34
      30
      32
      22
      35
      30
      22
      21
      21
      22
      24
      22
      20
      27
      27
      19
      26
      30
      19
      23
      26
      32
      27
      23
      27
      19
      22
      25
      25
      21
      31
      22
      31
      22
      25
      32
      24
      29
      25
      31
      27
      30
      16
      24
      26
      31
      22
      28
      28
      13
      32
      26
      19
      24
      32
      33
      36
      28
      31
      27
      17
      23
      24
      29
      27
      25
      25
      28
      25
      27
      25
      21
      25
      33
      28
      19
      29
      20
      34
      30
      22
      29
      28
      36
      31
      29
      28
      36
      43
      30
      45
      56
      60
      53
      67
      82
      81
      89
      67
      98
      82
      86
      94
     109
      90
      90
     100
      94
      78
      85
      94
      69
      78
      71
      52
      61
      38
      34
      41
      26
      26
      24
      24
      31
      29
      22
      22
      24
      19
      19
      28
      23
      24
      33
      29
      30
      34
      25
      39
      29
      28
      28
      13
      24
      26
      20
      35
      29
      22
      27
      22
      34
      28
      22
      33
      30
      26
      32
      16
      25
      22
      29
      32
      31
      27
      28
      24
      28
      29
      23
      26
      31
      32
      26
      30
      23
      20
      32
      29
      32
      19
      22
      21
      21
      25
      18
      27
      25
      19
      19
      22
      34
      21
      32
      35
      32
      20
      34
      33
      36
      20
      23
      31
      22
      34
      36
      39
      43
      38
      51
      49
      50
      76
      81
      97
     120
     144
     156
     174
     212
     244
     307
     300
     309
     313
     342
     340
     387
     361
     343
     365
     359
     335
     355
     371
     356
     303
     324
     252
     220
     181
     128
     106
      86
      59
      38
      43
      36
      35
      27
      25
      31
      20
      24
      28
      22
      22
      18
      22
      35
      13
      22
      30
      23
      30
      21
      31
      28
      28
      28
      26
      31
      24
      21
      35
      18
      26
      25
      34
      31
      18
      24
      24
      26
      20
      18
      25
      30
      31
      30
      23
      21
      25
      26
      20
      35
      22
      25
      27
      29
      30
      16
      27
      24
      22
      20
      19
      17
      22
      23
      24
      25
      22
      21
      33
      23
      23
      10
      25
      21
      19
      21
      22
      26
       9
      18
      23
      15
      25
      27
      21
      25
      26
      24
      24
      17
      20
      24
      25
      27
      17
      23
      24
      18
      20
      24
      29
      22
      17
      18
      15
      16
      18
      23
      30
      16
      18
      26
      19
      23
      25
      32
      22
      17
      25
      27
      22
      15
      31
      24
      14
      16
      24
      34
      22
      17
      28
      26
      30
      27
      29
      27
      23
      19
      19
      32
      18
      20
      20
      28
      20
      32
      29
      20
      24
      24
      18
      17
      30
      26
      27
      15
      32
      24
      18
      27
      31
      28
      19
      20
      21
      12
      24
      28
      20
      17
      22
      27
      31
      25
      19
      20
      21
      20
      24
      24
      13
      24
      22
      21
      33
      27
      25
      19
      28
      21
      19
      31
      25
      22
      20
      13
      15
      26
      24
      22
      15
      23
      23
      17
      30
      24
      27
      26
      26
      24
      30
      21
      27
      38
      16
      37
      17
      26
      21
      26
      32
      18
      16
      31
      26
      21
      38
      30
      19
      24
      23
      22
      22
      34
      35
      38
      25
      29
      23
      22
      28
      29
      23
      33
      33
      27
      37
      20
      34
      27
      20
      41
      39
      35
      47
      21
      27
      29
      33
      19
      24
      25
      37
      41
      33
      32
      35
      48
      50
      45
      38
      57
      43
      65
      57
      58
      55
      62
      69
      58
      61
      66
      62
      74
      57
      50
      58
      80
      63
      65
      48
      45
      33
      38
      36
      34
      31
      33
      23
      24
      24
      22
      21
      22
      23
      32
      28
      21
      18
      27
      26
      18
      22
      25
      20
      31
      25
      28
      20
      24
      24
      21
      17
      17
      21
      20
      24
      23
      21
      23
      24
      23
      22
      20
      17
      28
      24
      24
      28
      16
      23
      22
      34
      22
      20
      24
      23
      19
      21
      26
      16
      21
      19
      22
      28
      24
      25
      13
      32
      34
      23
      28
      25
      26
      26
      28
      18
      26
      33
      21
      24
      32
      28
      44
      25
      28
      23
      24
      23
      30
      23
      26
      22
      21
      25
      30
      13
      29
      25
      26
      21
      19
      24
      14
      24
      28
      23
      17
      21
      18
      22
      31
      22
      26
      22
      30
      30
      28
      17
      20
      22
      26
      29
      19
      15
      23
      23
      28
      25
      20
      19
      34
      24
      30
      30
      25
      21
      25
      26
      26
      26
      38
      25
      25
      29
      33
      19
      25
      28
      31
      18
      19
      26
      24
      34
      25
      31
      28
      29
      32
      34
      29
      29
      21
      30
      27
      34
      24
      33
      24
      20
      32
      30
      25
      27
      25
      28
      26
      27
      31
      19
      25
      21
      25
      26
      33
      15
      22
      28
      23
      19
      22
      16
      25
      25
      21
      15
      25
      27
      30
      20
      16
      31
      28
      28
      24
      25
      19
      26
      25
      20
      32
      20
      25
      27
      30
      20
      23
      14
      23
      24
      22
      22
      22
      23
      22
      25
      28
      23
      27
      14
      18
      28
      22
      19
      26
      26
      24
      28
      21
      24
      14
      20
      17
      16
      20
      21
      29
      21
      14
      25
      13
      27
      16
      17
      16
      27
      32
      21
      21
      34
      34
      22
      24
      29
      33
      27
      22
      23
      30
      30
      17
      29
      19
      29
      30
      30
      15
      31
      19
      33
      24
      18
      19
      28
      18
      31
      18
      22
      41
      17
      21
      26
      20
      19
      20
      21
      25
      20
      27
      24
      26
      22
      25
      34
      24
      23
      26
      29
      29
      35
      23
      29
      28
      26
      23
      19
      19
      19
      39
      21
      27
      27
      24
      30
      26
      21
      27
      17
      17
      28
      22
      24
      21
      23
      30
      15
      28
      15
      22
      25
      23
      23
      23
      21
      21
      17
      31
      27
      23
      18
      33
      17
      23
      18
      23
      14
      25
      27
      25
      27
      32
      31
      19
      18
      19
      31
      22
      24
      30
      29
      25
      25
      24
      26
      28
      36
      18
      24
      25
      14
      25
      17
      13
      20
      19
      21
      33
      21
      25
      20
      32
      20
      19
      21
      24
      26
      23
      25
      24
      25
      15
      27
      17
      20
      19
      23
      24
      25
      17
      17
      19
      26
      15
      20
      13
      14
      24
      25
      23
      42
      17
      23
      24
      31
      15
      23
      18
      26
      28
      26
      30
      24
      24
      19
      22
      29
      20
      19
      20
      22
      23
      24
      27
      22
      19
      23
      18
      18
      22
      17
      24
      22
      20
      22
      27
      23
      21
      22
      19
      24
      22
      12
      22
      22
      23
      26
      23
      27
      28
      25
      18
      13
      15
      20
      18
      31
      23
      18
      23
      24
      15
      24
      28
      19
      21
      28
      21
      21
      26
      21
      14
      23
      20
      24
      20
      19
      25
      14
      19
      16
      24
      25
      14
      14
      18
      23
      37
      20
      23
      22
      22
      10
      23
      21
      22
      26
      20
      24
      28
      23
      19
      25
      13
      22
      19
      15
      29
      25
      17
      16
      18
      17
      23
      21
      24
      21
      20
      24
      20
      16
      23
      23
      29
      25
      23
      21
      24
      20
      26
      19
      19
      24
      16
      18
      23
      26
      20
      29
      21
      17
      19
      21
      21
      20
      21
      19
      18
      20
      24
      22
      26
      21
      25
      21
      22
      24
      13
      26
      18
      18
      23
      17
      16
      17
      15
      18
      21
      25
      24
      19
      20
      20
      20
      21
      13
      19
      23
      16
      21
      20
      25
      16
      20
      24
      23
      16
      18
      27
      26
      24
      20
      20
      23
      24
      21
      12
      12
      23
      22
      22
      21
      15
      20
      20
      16
      18
      22
      20
      15
      19
      24
      18
      28
      24
      25
      14
      22
      14
      16
      21
      15
      23
      22
      20
      11
      20
      27
      15
      13
      23
      32
      18
      22
      31
      23
      35
      24
      28
      18
      22
      19
      31
      21
      25
      18
      23
      24
      20
      16
      17
      22
      24
      12
      18
      21
      18
      19
      21
      22
      18
      20
      14
      24
      18
      24
      21
      16
      19
      26
      23
      20
      13
      16
      27
      23
      18
      21
      21
      23
      29
      18
      14
      25
      20
      22
      12
      20
      12
      21
      17
      23
      21
      26
      21
      28
      19
      14
      22
      20
      14
      24
      13
      20
      20
      17
      15
      21
      16
      17
      21
      21
      14
      20
      20
      24
      25
      18
      21
      23
      14
      11
      29
      24
      18
      24
      16
      21
      19
      12
      15
      14
      16
      23
      19
      23
      16
      17
      16
      17
      17
      17
      22
      20
      16
      21
      18
      23
      22
      22
      20
      18
      17
      12
      21
      24
      14
      14
      22
      16
      19
      15
      10
      19
      17
      18
      19
      20
      19
      25
      16
      16
      25
      20
      14
      21
      24
      14
      21
      15
      16
      23
      17
      20
       8
      19
      30
      18
      20
      19
      15
      18
      18
      12
      26
      25
      19
      18
      20
      18
      25
      14
       9
      22
      25
      20
      28
      22
      26
      18
      25
      12
      15
      15
      18
      22
      15
      19
      15
      22
      21
      20
      15
      23
      19
      21
      16
      20
      16
      27
      20
      16
      21
      25
      18
      21
      21
      16
      20
      25
      18
      24
      18
      18
      19
      18
      23
      15
      25
      16
      27
      25
      21
      20
      16
      18
      22
      24
      16
      24
      20
      23
      32
      29
      36
      27
      20
      30
      23
      34
      28
      29
      22
      31
      40
      36
      54
      55
      60
      74
      68
      73
      53
      43
      72
      70
      62
      84
      75
      71
      76
      64
      51
      60
      64
      68
      61
      52
      59
      63
      53
      51
      50
      41
      41
      35
      36
      30
      31
      31
      23
      20
      18
      25
      27
      25
      28
      27
      21
      22
      23
      24
      24
      20
      21
      20
      21
      22
      27
      30
      30
      37
      34
      38
      39
      34
      42
      44
      37
      44
      46
      32
      48
      41
      41
      30
      39
      44
      38
      38
      47
      44
      44
      33
      45
      40
      32
      32
      29
      25
      19
      26
      19
      21
      17
      23
      18
      21
      20
      17
      17
      15
      21
      22
      18
      19
      25
      18
      14
      22
      21
      25
      25
      17
      21
      22
      22
      23
      23
      12
      24
      24
      20
      15
      27
      15
      17
      17
      33
      18
      13
      20
      21
      30
      16
      14
      16
      13
      24
      20
      22
      25
      20
      24
      14
      14
      21
      22
      18
      15
      16
      15
      19
      13
      18
      18
      20
      22
      14
      18
      12
      19
      30
      16
      20
      21
      19
      18
      21
      23
      18
      25
      22
      25
      20
      17
      18
      21
      20
      20
      15
      18
      19
      15
      18
      23
      21
      25
      19
      27
      23
      30
      15
      19
      25
      20
      17
      22
      13
      18
      21
      28
      16
      21
      18
      17
      21
      21
      19
      18
      17
      24
      17
      22
      22
      28
      26
      15
      23
      22
      26
      16
      20
      19
      20
      22
      24
      18
      26
      11
      19
      25
      16
      24
      22
      19
      19
      15
      17
      19
      18
      14
      24
      26
      19
      18
      14
      17
      28
      20
      19
      25
      20
      26
      22
      22
      22
      16
      23
      22
      11
      21
      20
      16
      19
      17
      23
      16
      14
      23
      21
      31
      22
      16
      16
      19
      23
      20
       8
      21
      14
      18
      19
      23
      20
      27
      19
      15
      19
      23
      16
      14
      24
      18
      26
      20
      26
      22
      21
      20
      16
      18
      21
      22
      28
      24
      20
      15
      22
      18
      20
      21
      21
      21
      22
      12
      12
      12
      29
      27
      20
      19
      25
      26
      29
      23
      25
      19
      24
      23
      15
      22
      23
      15
      26
      30
      18
      16
      24
      22
      21
      22
      28
      19
      16
      15
      20
      18
      23
      17
      21
      27
      12
      22
      20
      18
      25
      24
      16
      21
      25
      31
      27
      32
      38
      33
      42
      57
      64
      75
      55
      74
      82
      81
      94
     103
      94
      94
      94
     104
      91
     120
     108
     123
     112
     104
     126
     113
     112
      89
     116
      79
      86
      61
      70
      66
      50
      49
      39
      33
      37
      17
      18
      25
      15
      23
      21
      18
      18
      19
      17
      18
      16
      15
      20
      14
      15
      21
      22
      16
      17
      17
      23
      13
      21
      13
      25
      21
      19
      20
      25
      18
      14
      18
      23
      30
      25
      29
      13
      27
      26
      19
      24
      27
      12
      24
      23
      19
      25
      23
      38
      23
      34
      26
      17
      22
      28
      25
      33
      35
      21
      27
      19
      18
      14
      13
      19
      16
      27
      27
      13
      16
      30
      15
      20
      24
      18
      18
      16
      20
      22
      12
      29
      21
       9
      20
      16
      25
      13
      21
      22
      24
      20
      25
      15
      21
      14
      19
      17
      20
      21
      25
      14
      18
      17
      25
      12
      12
      21
      14
      18
      16
      22
      20
      20
      16
      20
      25
      28
      24
      21
      20
      20
      26
      30
      15
      23
      24
      20
       0
       0
       0
       0
       0
       0
       0
       0
       0
       0
       0
       0
       0
       0
       0
       0
       0
       0
       0
       0
       0
       0
       0
       0
       0
       0
       0
       0
       0
       0
       0
       0
       0
       0
       0
       0
       0
       0
       0
       0
       0
       0
       0
       0
       0
       0
       0
       0
       0
       0
       0
       0
       0
       0
       0
       0
       0
       0
       0
       0
       0
       0
       0
       0
       0
       0
       0
       0
       0
       0
       0
       0
       0
       0
       0
       0
       0
       0
       0
       0
       0
       0
       0
       0
       0
       0
       0
       0
       0
       0
       0
       0
       0
       0
       0
       0
       0
       0
       0
       0
       0
       0
       0
       0
       0
       0
       0
       0
       0
       0
       0
       0
       0
       0
       0
       0
       0
       0
       0
       0
       0
       0
       0
       0
       0
       0
       0
       0
$ROI:
0
$PRESETS:
None
0
0
$ENER_FIT:
0.000000 0.000000
$MCA_CAL:
3
0.000000E+000 0.000000E+000 0.000000E+000 
$SHAPE_CAL:
3
0.000000E+000 0.000000E+000 0.000000E+000
